albanybig.asc
ncols         114
nrows         80
xllcorner     13117972.9114
yllcorner     -4168966.3617
cellsize      83.31600263156
NODATA_value  -9999
[rows 27 to 53 of 80, columns 0 to 61 of 114]
0.545988 0.5463915 0.5465498 0.5466499 0.5467314 0.5466608 0.546272 0.546272 0.5457837 0.5451921 0.5442687 0.5433114 0.5422786 0.5411667 0.5398816 0.5383164 0.5365583 0.5365583 0.5353646 0.7173312 0.7209383 0.7244786 0.7279294 0.7313155 0.7345742 0.7377772 0.7408146 0.7408146 0.743651 0.7464635 0.7489173 0.751284 0.7530439 0.7544568 0.7556542 0.756597 0.7574217 0.7574217 0.7579644 0.7580371 0.7574619 0.5670432 0.5660839 0.5648428 0.5633285 0.5616816 0.5594743 0.5594743 0.557122 0.5550557 0.5529422 0.5506757 0.5483276 0.5456623 0.543171 0.5404556 0.5404556 0.5376515 0.5348897 0.5321822 0.7061244 0.7026418
0.5427461 0.5430032 0.5431878 0.5433859 0.5435416 0.5436032 0.5432223 0.5432223 0.5426862 0.5421373 0.5413191 0.5405171 0.5393224 0.538231 0.5370413 0.5354742 0.7121483 0.7121483 0.7158655 0.7195083 0.723134 0.7267817 0.7302551 0.7336252 0.7370718 0.740419 0.7435734 0.7435734 0.7466536 0.7496942 0.7522563 0.7543926 0.7564319 0.7582314 0.7594479 0.7604967 0.7613239 0.7613239 0.7619258 0.7620476 0.7611765 0.7598453 0.7585379 0.7566911 0.7544995 0.5641233 0.5621172 0.5621172 0.5597051 0.557196 0.5547375 0.5522258 0.5498158 0.5471782 0.5445662 0.5417867 0.5417867 0.5390674 0.5365083 0.5339188 0.7083215 0.7046856
0.5427461 0.5430032 0.5431878 0.5433859 0.5435416 0.5436032 0.5432223 0.5432223 0.5426862 0.5421373 0.5413191 0.5405171 0.5393224 0.538231 0.5370413 0.5354742 0.7121483 0.7121483 0.7158655 0.7195083 0.723134 0.7267817 0.7302551 0.7336252 0.7370718 0.740419 0.7435734 0.7435734 0.7466536 0.7496942 0.7522563 0.7543926 0.7564319 0.7582314 0.7594479 0.7604967 0.7613239 0.7613239 0.7619258 0.7620476 0.7611765 0.7598453 0.7585379 0.7566911 0.7544995 0.5641233 0.5621172 0.5621172 0.5597051 0.557196 0.5547375 0.5522258 0.5498158 0.5471782 0.5445662 0.5417867 0.5417867 0.5390674 0.5365083 0.5339188 0.7083215 0.7046856
0.5427461 0.5430032 0.5431878 0.5433859 0.5435416 0.5436032 0.5432223 0.5432223 0.5426862 0.5421373 0.5413191 0.5405171 0.5393224 0.538231 0.5370413 0.5354742 0.7121483 0.7121483 0.7158655 0.7195083 0.723134 0.7267817 0.7302551 0.7336252 0.7370718 0.740419 0.7435734 0.7435734 0.7466536 0.7496942 0.7522563 0.7543926 0.7564319 0.7582314 0.7594479 0.7604967 0.7613239 0.7613239 0.7619258 0.7620476 0.7611765 0.7598453 0.7585379 0.7566911 0.7544995 0.5641233 0.5621172 0.5621172 0.5597051 0.557196 0.5547375 0.5522258 0.5498158 0.5471782 0.5445662 0.5417867 0.5417867 0.5390674 0.5365083 0.5339188 0.7083215 0.7046856
0.5395175 0.5398635 0.5401889 0.5403254 0.5404063 0.5404714 0.54022 0.54022 0.5396791 0.5389798 0.5381193 0.5375478 0.536304 0.7135313 0.7118556 0.7099552 0.7136171 0.7136171 0.7176015 0.7214915 0.7252098 0.7288504 0.7323895 0.7358393 0.7393239 0.7427793 0.7461661 0.7461661 0.7493117 0.7523428 0.7551016 0.7574116 0.7598958 0.7621585 0.7635 0.7641655 0.7651351 0.7651351 0.7659544 0.7660024 0.7652157 0.7639937 0.7624551 0.7604457 0.7581772 0.7554533 0.5645015 0.5645015 0.5621933 0.5596246 0.5569569 0.5541586 0.5513545 0.5485473 0.5458831 0.5432383 0.5432383 0.540732 0.5382142 0.5355873 0.7103083 0.7064314
0.7154123 0.715964 0.7162707 0.716291 0.7161992 0.7163289 0.7162167 0.7162167 0.7154605 0.7145658 0.7133909 0.712652 0.7113333 0.7096968 0.7081577 0.711255 0.7152107 0.7152107 0.7192534 0.7232607 0.7269687 0.7305999 0.7343128 0.737973 0.7415252 0.7449107 0.7483355 0.7483355 0.7517191 0.7549124 0.7576069 0.7602582 0.7632805 0.7660142 0.767567 0.7679375 0.7691154 0.7691154 0.7700058 0.7699929 0.7692342 0.7678548 0.7660991 0.7639549 0.7614561 0.7586013 0.7557107 0.7557107 0.5643038 0.561741 0.5590111 0.5561841 0.5534053 0.5505544 0.5479115 0.5452164 0.5452164 0.5424418 0.5396987 0.536595 0.5335929 0.5306734
0.7112563 0.7117792 0.7119128 0.7119877 0.7117472 0.7118443 0.7118611 0.7118611 0.7111537 0.7104912 0.7093961 0.7083981 0.7075061 0.7058454 0.7085236 0.7125922 0.7165442 0.7165442 0.7204023 0.7242661 0.7280528 0.7319736 0.7359761 0.7399512 0.7438451 0.7474812 0.7508618 0.7508618 0.7543273 0.7575829 0.7603807 0.7628907 0.7659284 0.7692115 0.771574 0.7720013 0.7732298 0.7732298 0.7741153 0.7740927 0.7731478 0.7715041 0.7695302 0.7672281 0.7645114 0.7614442 0.7582085 0.7582085 0.7548118 0.5633688 0.5606639 0.5579357 0.5550907 0.5522124 0.5494736 0.5464261 0.5464261 0.5434668 0.5405577 0.5375375 0.5346029 0.5316565
0.7112563 0.7117792 0.7119128 0.7119877 0.7117472 0.7118443 0.7118611 0.7118611 0.7111537 0.7104912 0.7093961 0.7083981 0.7075061 0.7058454 0.7085236 0.7125922 0.7165442 0.7165442 0.7204023 0.7242661 0.7280528 0.7319736 0.7359761 0.7399512 0.7438451 0.7474812 0.7508618 0.7508618 0.7543273 0.7575829 0.7603807 0.7628907 0.7659284 0.7692115 0.771574 0.7720013 0.7732298 0.7732298 0.7741153 0.7740927 0.7731478 0.7715041 0.7695302 0.7672281 0.7645114 0.7614442 0.7582085 0.7582085 0.7548118 0.5633688 0.5606639 0.5579357 0.5550907 0.5522124 0.5494736 0.5464261 0.5464261 0.5434668 0.5405577 0.5375375 0.5346029 0.5316565
0.7067857 0.7073722 0.7076561 0.7078462 0.7074039 0.7070293 0.7066512 0.7066512 0.7060139 0.7053607 0.7047434 0.7041834 0.7034165 0.7055357 0.7094414 0.7133387 0.7172461 0.7172461 0.7210987 0.7250078 0.7290707 0.7332577 0.7374541 0.7416598 0.7457435 0.749585 0.7530901 0.7530901 0.7568109 0.760101 0.7633037 0.7658889 0.7687963 0.7720672 0.7753066 0.7763233 0.7774628 0.7774628 0.7782514 0.7780914 0.7769884 0.7751168 0.7728496 0.7702637 0.7673987 0.7640244 0.7604946 0.7604946 0.7568042 0.7533451 0.5622362 0.5592862 0.5563824 0.5535403 0.5505358 0.5475426 0.5475426 0.544479 0.5414479 0.5385013 0.5355641 0.5325074
0.7024415 0.7028252 0.7032791 0.7035283 0.703197 0.7024664 0.7018619 0.7018619 0.701685 0.7014179 0.7008151 0.7000892 0.7021495 0.7063463 0.7103007 0.714246 0.7182881 0.7182881 0.7222373 0.7262796 0.7305541 0.7347018 0.738822 0.7429203 0.7468243 0.7508658 0.7548637 0.7548637 0.7587807 0.7623305 0.7659897 0.7688247 0.7718887 0.7751787 0.7786328 0.7808037 0.7816618 0.7816618 0.7821245 0.7818434 0.780596 0.7785264 0.775943 0.7729156 0.7698014 0.7663015 0.7625321 0.7625321 0.7588429 0.7550852 0.7511725 0.7471639 0.5573982 0.554516 0.5514517 0.5484709 0.5484709 0.5454175 0.5423785 0.5393615 0.5361942 0.5332036
0.6982932 0.6986073 0.6989617 0.6992137 0.6991106 0.6987112 0.698405 0.698405 0.6982362 0.6978998 0.6973103 0.6987361 0.7028865 0.7069978 0.7109579 0.7150757 0.7192573 0.7192573 0.723379 0.7275808 0.7317901 0.7358067 0.7399512 0.7440391 0.7479639 0.7520044 0.7563157 0.7563157 0.7602059 0.764047 0.7679718 0.7711977 0.7744997 0.778156 0.7816543 0.7844286 0.785565 0.785565 0.7858965 0.7854145 0.7839409 0.7815197 0.7786628 0.7752674 0.7716757 0.7679942 0.7642904 0.7642904 0.7604103 0.7563646 0.7523553 0.7483852 0.5582764 0.5552852 0.5521605 0.5491641 0.5491641 0.5460467 0.5430166 0.5399233 0.5367869 0.5337087
0.6944522 0.6948658 0.6950706 0.6952188 0.6952899 0.6952444 0.6951185 0.6951185 0.6945745 0.6938968 0.6950037 0.6993613 0.7035846 0.7075578 0.7115027 0.7157013 0.7199192 0.7199192 0.7241473 0.7283884 0.7323854 0.7364652 0.7406167 0.7447875 0.7491076 0.7531983 0.7573375 0.7573375 0.7612422 0.76527 0.7693841 0.7729716 0.7763596 0.7801017 0.7836682 0.7871713 0.7896303 0.7896303 0.7899553 0.7889475 0.7869226 0.783959 0.780747 0.7771977 0.7733133 0.7693267 0.7654842 0.7654842 0.7615414 0.7573353 0.7532325 0.7491785 0.7450491 0.5556641 0.5526733 0.5496458 0.5496458 0.546506 0.54337 0.5402759 0.5371823 0.5340855
0.6909289 0.6912486 0.6914212 0.6914647 0.691608 0.6914564 0.6913719 0.6913719 0.690933 0.6914775 0.695513 0.6995596 0.7037252 0.7077957 0.7119625 0.7162799 0.7205043 0.7205043 0.7245913 0.7287043 0.7327543 0.7368687 0.741024 0.7451931 0.7493669 0.7536681 0.7580196 0.7580196 0.7619638 0.7660098 0.770314 0.7741605 0.7776408 0.7810669 0.7849098 0.7896841 0.7937949 0.7937949 0.7944295 0.7922952 0.7891616 0.7854694 0.7817003 0.7780069 0.7741222 0.770148 0.7662889 0.7662889 0.7620963 0.7579756 0.7538684 0.7496711 0.7454976 0.7413222 0.5529325 0.5499036 0.5499036 0.5468 0.543672 0.5405942 0.5374305 0.534341
0.6909289 0.6912486 0.6914212 0.6914647 0.691608 0.6914564 0.6913719 0.6913719 0.690933 0.6914775 0.695513 0.6995596 0.7037252 0.7077957 0.7119625 0.7162799 0.7205043 0.7205043 0.7245913 0.7287043 0.7327543 0.7368687 0.741024 0.7451931 0.7493669 0.7536681 0.7580196 0.7580196 0.7619638 0.7660098 0.770314 0.7741605 0.7776408 0.7810669 0.7849098 0.7896841 0.7937949 0.7937949 0.7944295 0.7922952 0.7891616 0.7854694 0.7817003 0.7780069 0.7741222 0.770148 0.7662889 0.7662889 0.7620963 0.7579756 0.7538684 0.7496711 0.7454976 0.7413222 0.5529325 0.5499036 0.5499036 0.5468 0.543672 0.5405942 0.5374305 0.534341
0.686736 0.6870891 0.68748 0.6874503 0.6875139 0.6874099 0.6875043 0.6875043 0.6874149 0.6915922 0.695892 0.6999691 0.7041682 0.7082669 0.7122726 0.7166434 0.7208773 0.7208773 0.7250637 0.7289854 0.7329454 0.7372928 0.7415394 0.7454474 0.7495955 0.7538604 0.7582463 0.7582463 0.7622288 0.7662517 0.7706248 0.7746443 0.7784265 0.7816553 0.7851627 0.7677044 0.7137282 0.7137282 0.6792122 0.6620728 0.6584127 0.6547692 0.6643534 0.6981705 0.752143 0.7700496 0.7661944 0.7661944 0.7621166 0.758063 0.7541764 0.7500267 0.7458322 0.7415602 0.7374126 0.7333876 0.7333876 0.7291173 0.7250438 0.7208371 0.7167156 0.7125537
0.6886605 0.6894643 0.6902457 0.6908505 0.6913822 0.6915416 0.6915882 0.6915882 0.6914064 0.6915475 0.6956658 0.6997457 0.7039571 0.7081606 0.712128 0.716495 0.7206586 0.7206586 0.7247635 0.728786 0.7326195 0.7370216 0.7411978 0.7452236 0.7494663 0.7537718 0.7581096 0.7581096 0.7620182 0.7660681 0.770321 0.7742808 0.7783557 0.7817859 0.7401683 0.6575034 0.5911345 0.5911345 0.5467683 0.5287103 0.5260432 0.6540531 0.6708213 0.7239805 0.8054892 0.7254747 0.7657493 0.7657493 0.7617672 0.7576556 0.7537069 0.7497317 0.7456598 0.7414157 0.7372996 0.7332207 0.7332207 0.7290331 0.7247502 0.7205915 0.7164754 0.7122843
0.6929134 0.6936387 0.694113 0.6945584 0.6950937 0.6954159 0.6956431 0.6956431 0.6957054 0.6955628 0.6953503 0.6996162 0.7038016 0.7078688 0.7118892 0.7162452 0.7202922 0.7202922 0.7243826 0.7285055 0.7323643 0.7366385 0.7409215 0.7449174 0.7491188 0.7533789 0.7574292 0.7574292 0.7612191 0.7653191 0.7693492 0.7732089 0.7772392 0.7586036 0.6530443 0.5563467 0.4742529 0.4742529 0.4165331 0.3943907 0.4912143 0.4890739 0.5132718 0.5825131 0.6823324 0.8003693 0.9289084 0.9289084 0.7609515 0.7568791 0.752826 0.7489588 0.7450502 0.7409093 0.7367866 0.7327418 0.7327418 0.7286094 0.7244405 0.720322 0.7162104 0.7119919
0.6929134 0.6936387 0.694113 0.6945584 0.6950937 0.6954159 0.6956431 0.6956431 0.6957054 0.6955628 0.6953503 0.6996162 0.7038016 0.7078688 0.7118892 0.7162452 0.7202922 0.7202922 0.7243826 0.7285055 0.7323643 0.7366385 0.7409215 0.7449174 0.7491188 0.7533789 0.7574292 0.7574292 0.7612191 0.7653191 0.7693492 0.7732089 0.7772392 0.7586036 0.6530443 0.5563467 0.4742529 0.4742529 0.4165331 0.3943907 0.4912143 0.4890739 0.5132718 0.5825131 0.6823324 0.8003693 0.9289084 0.9289084 0.7609515 0.7568791 0.752826 0.7489588 0.7450502 0.7409093 0.7367866 0.7327418 0.7327418 0.7286094 0.7244405 0.720322 0.7162104 0.7119919
0.6967592 0.6977531 0.698341 0.6990187 0.6990781 0.6992646 0.6998897 0.6998897 0.6998938 0.699738 0.6991527 0.6991153 0.7032397 0.7073432 0.7115833 0.7155248 0.7192887 0.7192887 0.7235488 0.7278261 0.7317814 0.7359392 0.7401251 0.7441455 0.7483281 0.7524201 0.7562589 0.7562589 0.7601467 0.7641857 0.7679565 0.7716757 0.7754107 0.6984761 0.5818715 0.4705993 0.369688 0.369688 0.2923328 0.2612085 0.3255829 0.3244818 0.361636 0.4557854 0.5785442 0.7142166 0.8560018 0.8560018 0.9495283 0.7559346 0.7519344 0.7480304 0.7442142 0.7401744 0.736051 0.7319344 0.7319344 0.7278996 0.7239044 0.7198218 0.7156842 0.7114639
0.7007462 0.7015691 0.7024161 0.7028183 0.7029358 0.7035239 0.7041594 0.7041594 0.7040004 0.7038929 0.703424 0.7026373 0.7026167 0.7068515 0.7106225 0.7143234 0.7184975 0.7184975 0.7228404 0.7270726 0.7309876 0.7352105 0.7391442 0.7429076 0.7470312 0.7510853 0.7548222 0.7548222 0.7588955 0.7624671 0.7659076 0.7696289 0.7729694 0.6588108 0.5340837 0.4105594 0.2903793 0.2903793 0.1835993 0.1297997 0.161865 0.161279 0.2274662 0.3589074 0.505923 0.6566793 0.7927409 0.7927409 0.9205359 0.7544581 0.7506741 0.7467222 0.7429404 0.739036 0.7350253 0.731048 0.731048 0.7270948 0.7230241 0.7188347 0.7145552 0.7103972
0.7049479 0.7056813 0.7062087 0.706761 0.7073873 0.7080292 0.7083966 0.7083966 0.708137 0.7079962 0.7074881 0.7067709 0.706039 0.7057989 0.7095757 0.7138402 0.7181898 0.7181898 0.7219408 0.7261686 0.7299343 0.7341475 0.737977 0.7416159 0.7454796 0.7492938 0.7529997 0.7529997 0.7567766 0.7602984 0.7633096 0.7670712 0.7701291 0.6433446 0.5157328 0.3873602 0.2582865 0.2582865 0.1291927 -0 -0 -0 0.1600617 0.3195803 0.4508315 0.5724306 0.7069631 0.7069631 0.8475102 0.7521935 0.7488604 0.7451601 0.7414639 0.7376889 0.73382 0.7299104 0.7299104 0.7259853 0.7218993 0.717775 0.7135437 0.7093409
0.7049479 0.7056813 0.7062087 0.706761 0.7073873 0.7080292 0.7083966 0.7083966 0.708137 0.7079962 0.7074881 0.7067709 0.706039 0.7057989 0.7095757 0.7138402 0.7181898 0.7181898 0.7219408 0.7261686 0.7299343 0.7341475 0.737977 0.7416159 0.7454796 0.7492938 0.7529997 0.7529997 0.7567766 0.7602984 0.7633096 0.7670712 0.7701291 0.6433446 0.5157328 0.3873602 0.2582865 0.2582865 0.1291927 -0 -0 -0 0.1600617 0.3195803 0.4508315 0.5724306 0.7069631 0.7069631 0.8475102 0.7521935 0.7488604 0.7451601 0.7414639 0.7376889 0.73382 0.7299104 0.7299104 0.7259853 0.7218993 0.717775 0.7135437 0.7093409
0.7090193 0.7098575 0.7106583 0.7113708 0.7119764 0.7123998 0.7125267 0.7125267 0.7123579 0.712114 0.7116315 0.7108655 0.7101107 0.7089207 0.7086391 0.7125888 0.7165408 0.7165408 0.7206361 0.7248325 0.7285211 0.732659 0.7363815 0.7402228 0.7438142 0.7473558 0.7508942 0.7508942 0.7545851 0.7579726 0.7606809 0.764128 0.7669325 0.6405472 0.513238 0.3853725 0.2570266 0.2570266 0.1285723 -0 -0 -0 0.1596542 0.2251017 0.3549767 0.5003408 0.6497661 0.6497661 0.799921 0.9371439 0.7465423 0.743156 0.7396571 0.7360857 0.7323892 0.7285318 0.7285318 0.7246418 0.7206243 0.7165301 0.7123606 0.7081306
0.7128017 0.7139328 0.7150272 0.7156827 0.7162852 0.7166116 0.7167156 0.7167156 0.7165563 0.7161586 0.7154599 0.7147283 0.713987 0.7130553 0.71158 0.7117077 0.715613 0.715613 0.7195586 0.7232717 0.7270496 0.7309372 0.7346842 0.738508 0.7420487 0.7454317 0.7488252 0.7488252 0.7524275 0.7552136 0.7578909 0.7609102 0.7634569 0.6503006 0.5265895 0.4043637 0.2861276 0.2861276 0.1809686 0.1278219 -0 -0 -0 0.158672 0.316178 0.472715 0.6280664 0.6280664 0.7818993 0.9342726 0.7442337 0.7410154 0.7376913 0.7341079 0.7305142 0.7268427 0.7268427 0.7230949 0.7191602 0.7151134 0.7109817 0.7065634
0.7167324 0.718043 0.7190992 0.7198529 0.7204567 0.7207924 0.7208217 0.7208217 0.7207679 0.7201254 0.7195953 0.7190615 0.7179763 0.7167186 0.7152026 0.7135437 0.7133743 0.7133743 0.7173621 0.721526 0.725503 0.729072 0.7326826 0.7363449 0.7399291 0.7432279 0.7463428 0.7463428 0.7495272 0.7522328 0.7547184 0.7572587 0.759572 0.6833586 0.5687191 0.4592136 0.3603266 0.3603266 0.2847975 0.1800125 0.1588764 0.1587137 -0 0.1582825 0.3151721 0.4709395 0.6255538 0.6255538 0.7791165 0.9313261 0.7419853 0.7388694 0.7355925 0.731922 0.7284222 0.7250907 0.7250907 0.7215341 0.7177505 0.713766 0.70959 0.70494
0.7167324 0.718043 0.7190992 0.7198529 0.7204567 0.7207924 0.7208217 0.7208217 0.7207679 0.7201254 0.7195953 0.7190615 0.7179763 0.7167186 0.7152026 0.7135437 0.7133743 0.7133743 0.7173621 0.721526 0.725503 0.729072 0.7326826 0.7363449 0.7399291 0.7432279 0.7463428 0.7463428 0.7495272 0.7522328 0.7547184 0.7572587 0.759572 0.6833586 0.5687191 0.4592136 0.3603266 0.3603266 0.2847975 0.1800125 0.1588764 0.1587137 -0 0.1582825 0.3151721 0.4709395 0.6255538 0.6255538 0.7791165 0.9313261 0.7419853 0.7388694 0.7355925 0.731922 0.7284222 0.7250907 0.7250907 0.7215341 0.7177505 0.713766 0.70959 0.70494
0.7209313 0.7221265 0.7231666 0.7239783 0.7245505 0.7248831 0.7250035 0.7250035 0.7249399 0.7243153 0.7236834 0.7229685 0.721985 0.7208499 0.7191256 0.717135 0.7151503 0.7151503 0.7149683 0.7192011 0.7233902 0.7271221 0.7306901 0.7340478 0.7374197 0.7406603 0.7436367 0.7436367 0.7465087 0.7490213 0.7511292 0.7534172 0.7555946 0.7358251 0.6325703 0.5382286 0.4575682 0.4575682 0.3586052 0.2832724 0.2530912 0.2234061 0.1577858 0.2229885 0.3511911 0.4948454 0.6427352 0.6427352 0.7918476 0.928214 0.9244107 0.7364697 0.7333003 0.7298237 0.7262084 0.7230963 0.7230963 0.7198624 0.7160552 0.712125 0.707811 0.7030796
