albanybig.asc
ncols         114
nrows         80
xllcorner     13117972.9114
yllcorner     -4168966.3617
cellsize      83.31600263156
NODATA_value  -9999
[rows 0 to 26 of 80, columns 0 to 61 of 114]
0.586539 0.5885438 0.5899574 0.5903767 0.5903512 0.5900125 0.5887452 0.5887452 0.5866149 0.5841507 0.5815629 0.5788455 0.5759765 0.5729921 0.570026 0.566999 0.5639821 0.5639821 0.5610496 0.558065 0.5551166 0.5521528 0.5490029 0.5458243 0.5427743 0.5397818 0.5366375 0.5366375 0.5335281 0.5305413 0.5274481 0.5243496 0.5212669 0.5182108 0.5150505 0.5119644 0.5089068 0.5089068 0.5062968 0.5062746 0.506071 0.5057768 0.5054089 0.5049727 0.5043924 0.5037107 0.5029614 0.5029614 0.5021116 0.5010794 0.5001167 0.4989747 0.4975236 0.4961911 0.495064 0.4937689 0.4937689 0.492282 0.4906439 0.4888967 0.4871034 0.4852375
0.5885269 0.5909992 0.5928692 0.5934561 0.5934484 0.5928546 0.5909694 0.5909694 0.5884769 0.5857522 0.5828522 0.5799031 0.5769826 0.5738848 0.5708928 0.5679489 0.5649214 0.5649214 0.5619249 0.5588639 0.5557781 0.5526803 0.5494796 0.5463138 0.5433217 0.540233 0.5370423 0.5370423 0.5339438 0.5309161 0.5277086 0.5245575 0.5215454 0.5185366 0.5153863 0.5122893 0.5092869 0.5092869 0.5092966 0.5093071 0.509198 0.5089068 0.5085106 0.5080177 0.5074362 0.5067761 0.5060246 0.5060246 0.5051858 0.5040652 0.5029223 0.5017711 0.5004277 0.4990984 0.4979257 0.4964569 0.4964569 0.4949138 0.4933692 0.4916268 0.4899527 0.4881356
0.5899864 0.5929213 0.5954645 -9999 -9999 0.5953288 0.5927843 0.5927843 0.5899713 0.5870103 0.5839282 0.5808437 0.5778012 0.574625 0.5715378 0.5683939 0.5652522 0.5652522 0.5621865 0.559151 0.5561241 0.5528527 0.5497206 0.5465895 0.5435948 0.5404496 0.5372266 0.5372266 0.5341064 0.5310135 0.5279408 0.5248704 0.5217643 0.5186561 0.5156043 0.5124587 0.512426 0.512426 0.5124074 0.5123425 0.5121824 0.5119745 0.5116392 0.5111585 0.510582 0.5098655 0.509037 0.509037 0.5080984 0.5070733 0.5058229 0.5046179 0.5033162 0.5019009 0.5005832 0.4990672 0.4990672 0.4973911 0.495702 0.4939378 0.4922385 0.4905454
0.5899864 0.5929213 0.5954645 -9999 -9999 0.5953288 0.5927843 0.5927843 0.5899713 0.5870103 0.5839282 0.5808437 0.5778012 0.574625 0.5715378 0.5683939 0.5652522 0.5652522 0.5621865 0.559151 0.5561241 0.5528527 0.5497206 0.5465895 0.5435948 0.5404496 0.5372266 0.5372266 0.5341064 0.5310135 0.5279408 0.5248704 0.5217643 0.5186561 0.5156043 0.5124587 0.512426 0.512426 0.5124074 0.5123425 0.5121824 0.5119745 0.5116392 0.5111585 0.510582 0.5098655 0.509037 0.509037 0.5080984 0.5070733 0.5058229 0.5046179 0.5033162 0.5019009 0.5005832 0.4990672 0.4990672 0.4973911 0.495702 0.4939378 0.4922385 0.4905454
0.5903037 0.5934807 -9999 -9999 -9999 0.5965714 0.593469 0.593469 0.5904484 0.5873813 0.5843115 0.5812048 0.5781017 0.5748674 0.5715855 0.5685396 0.5654235 0.5654235 0.5622854 0.5592344 0.5561771 0.5528665 0.5497971 0.546747 0.5437273 0.5405535 0.5373703 0.5373703 0.5342997 0.5312135 0.5281727 0.5250514 0.5218975 0.5186741 0.5156764 0.5154294 0.515574 0.515574 0.5156354 0.5154978 0.5152876 0.5150189 0.5146616 0.5142275 0.5135995 0.5128691 0.5119962 0.5119962 0.5111092 0.510082 0.5087839 0.5074846 0.5060626 0.5046475 0.5031866 0.5016133 0.5016133 0.4999521 0.4982742 0.4965242 0.4946821 0.4928079
0.5897889 0.5927843 0.595333 -9999 -9999 0.595324 0.5927347 0.5927347 0.5899382 0.5870138 0.5840025 0.5809407 0.5778799 0.5747201 0.5716316 0.5684345 0.5652352 0.5652352 0.5621172 0.5591519 0.5559857 0.5526999 0.5496951 0.5466721 0.5435596 0.5404444 0.5373628 0.5373628 0.5342798 0.5311213 0.5280584 0.5249401 0.5217935 0.5185527 0.5181528 0.5184567 0.518646 0.518646 0.5187271 0.5185881 0.518375 0.5180268 0.5176142 0.5171895 0.5166436 0.5158992 0.5150572 0.5150572 0.5140572 0.5129999 0.511825 0.5104833 0.5089606 0.5076291 0.5061141 0.5045035 0.5045035 0.5028898 0.5010874 0.499202 0.497286 0.495251
0.5897889 0.5927843 0.595333 -9999 -9999 0.595324 0.5927347 0.5927347 0.5899382 0.5870138 0.5840025 0.5809407 0.5778799 0.5747201 0.5716316 0.5684345 0.5652352 0.5652352 0.5621172 0.5591519 0.5559857 0.5526999 0.5496951 0.5466721 0.5435596 0.5404444 0.5373628 0.5373628 0.5342798 0.5311213 0.5280584 0.5249401 0.5217935 0.5185527 0.5181528 0.5184567 0.518646 0.518646 0.5187271 0.5185881 0.518375 0.5180268 0.5176142 0.5171895 0.5166436 0.5158992 0.5150572 0.5150572 0.5140572 0.5129999 0.511825 0.5104833 0.5089606 0.5076291 0.5061141 0.5045035 0.5045035 0.5028898 0.5010874 0.499202 0.497286 0.495251
0.5885438 0.5909992 0.5927767 0.5934641 0.5933976 0.5926057 0.5908056 0.5908056 0.5885269 0.5859245 0.5830716 0.5801278 0.5771376 0.5740267 0.5708258 0.5677251 0.5647707 0.5647707 0.5617944 0.5588738 0.5556115 0.5524417 0.5493827 0.5463365 0.5433013 0.5402454 0.5371522 0.5371522 0.5340984 0.5309906 0.5277377 0.5247351 0.5215876 0.5206688 0.5212237 0.5215774 0.5216854 0.5216854 0.5217241 0.5216155 0.521464 0.5211595 0.5206806 0.5201641 0.5195121 0.5187612 0.5179147 0.5179147 0.5169625 0.5157739 0.5145552 0.5131629 0.511574 0.5102432 0.5087204 0.5070907 0.5070907 0.5054818 0.5037998 0.5018253 0.4998772 0.4978512
0.5866044 0.5885196 0.5897974 0.5903154 0.5903154 0.5897759 0.5884112 0.5884112 0.5865669 0.5843344 0.5816838 0.5788769 0.5760672 0.5731171 0.5700863 0.5671545 0.5642396 0.5642396 0.5613736 0.5581837 0.5549283 0.5518898 0.5489464 0.5458337 0.5429705 0.5399233 0.5367842 0.5367842 0.5337361 0.5306051 0.5274601 0.5243159 0.5233017 0.5238708 0.5242256 0.5246845 0.5247917 0.5247917 0.5248106 0.5247045 0.5245475 0.5242564 0.5237719 0.5231882 0.5225075 0.5217241 0.5207901 0.5207901 0.5198511 0.5186629 0.5174319 0.5159042 0.5142937 0.5128995 0.5112771 0.5095837 0.5095837 0.5078058 0.5060126 0.5042229 0.5024055 0.5003915
0.5842615 0.5858202 0.5868586 0.5872855 0.5872462 0.5869014 0.5858545 0.5858545 0.5842748 0.5822074 0.5798481 0.5772438 0.5746881 0.5719181 0.5690726 0.5663455 0.5633524 0.5633524 0.5602563 0.5571664 0.5540781 0.5511515 0.5482963 0.5453122 0.5423669 0.5393763 0.536259 0.536259 0.5331643 0.5301404 0.527042 0.525782 0.5264161 0.5269375 0.5273514 0.5276879 0.5278914 0.5278914 0.528064 0.527939 0.5276232 0.5273168 0.5268717 0.5262762 0.5255865 0.5247838 0.5237554 0.5237554 0.5227653 0.5215186 0.5202365 0.5187488 0.5171635 0.5157871 0.5141231 0.5122464 0.5122464 0.5102361 0.5082061 0.5062858 0.5043743 0.5024189
0.5842615 0.5858202 0.5868586 0.5872855 0.5872462 0.5869014 0.5858545 0.5858545 0.5842748 0.5822074 0.5798481 0.5772438 0.5746881 0.5719181 0.5690726 0.5663455 0.5633524 0.5633524 0.5602563 0.5571664 0.5540781 0.5511515 0.5482963 0.5453122 0.5423669 0.5393763 0.536259 0.536259 0.5331643 0.5301404 0.527042 0.525782 0.5264161 0.5269375 0.5273514 0.5276879 0.5278914 0.5278914 0.528064 0.527939 0.5276232 0.5273168 0.5268717 0.5262762 0.5255865 0.5247838 0.5237554 0.5237554 0.5227653 0.5215186 0.5202365 0.5187488 0.5171635 0.5157871 0.5141231 0.5122464 0.5122464 0.5102361 0.5082061 0.5062858 0.5043743 0.5024189
0.5816345 0.5829633 0.5839111 0.5842073 0.5842615 0.583896 0.5830417 0.5830417 0.5816898 0.5798358 0.5777276 0.5754976 0.5730346 0.5703709 0.5677308 0.5650221 0.562088 0.562088 0.5590644 0.556143 0.5532706 0.550473 0.5475658 0.5446392 0.5415887 0.5386274 0.5356336 0.5356336 0.5324734 0.5295098 0.5278412 0.5287452 0.529394 0.5299354 0.5304179 0.5307983 0.5310792 0.5310792 0.5311888 0.5312265 0.5308539 0.5305195 0.5300504 0.5294076 0.5285975 0.5277135 0.5266442 0.5266442 0.5255304 0.5242902 0.5229466 0.521484 0.5198931 0.5183725 0.5166401 0.5147313 0.5147313 0.5128587 0.510832 0.5086382 0.5064018 0.5042112
0.5789887 0.580046 0.5808814 0.5810379 0.5809623 0.5809321 0.5802354 0.5802354 0.5789943 0.577357 0.5754297 0.5732901 0.5710014 0.5684794 0.5659326 0.5633192 0.5605345 0.5605345 0.5577385 0.5550695 0.5522716 0.549463 0.546537 0.543666 0.540677 0.5376959 0.5347316 0.5347316 0.5316404 0.5298114 0.5307795 0.5316378 0.5323535 0.5330391 0.5336312 0.5340155 0.5342503 0.5342503 0.5343343 0.5343531 0.534013 0.5335947 0.5330622 0.5324527 0.5316334 0.5306871 0.5296719 0.5296719 0.5285773 0.5273025 0.5258599 0.5243061 0.5225781 0.5209258 0.5192032 0.5173273 0.5173273 0.5154227 0.5133834 0.511218 0.5089396 0.5066043
0.5760639 0.5770085 0.5778012 0.5781045 0.5778798 0.5777276 0.5771844 0.5771844 0.5760358 0.5744752 0.572764 0.5708842 0.5688955 0.5666136 0.5641034 0.5615063 0.5589119 0.5589119 0.556356 0.5537703 0.5509439 0.5482332 0.5453941 0.5424815 0.5395235 0.5365944 0.533708 0.533708 0.5312662 0.5326223 0.5337396 0.5346692 0.5354995 0.536182 0.5367842 0.5371578 0.537348 0.537348 0.53748 0.5374252 0.5371083 0.5366265 0.5360462 0.5354195 0.5346668 0.5336735 0.532548 0.532548 0.5314327 0.5301386 0.5286224 0.5269922 0.5251909 0.5235502 0.5218117 0.5198013 0.5198013 0.5178363 0.5157983 0.5137558 0.5116392 0.5092778
0.5760639 0.5770085 0.5778012 0.5781045 0.5778798 0.5777276 0.5771844 0.5771844 0.5760358 0.5744752 0.572764 0.5708842 0.5688955 0.5666136 0.5641034 0.5615063 0.5589119 0.5589119 0.556356 0.5537703 0.5509439 0.5482332 0.5453941 0.5424815 0.5395235 0.5365944 0.533708 0.533708 0.5312662 0.5326223 0.5337396 0.5346692 0.5354995 0.536182 0.5367842 0.5371578 0.537348 0.537348 0.53748 0.5374252 0.5371083 0.5366265 0.5360462 0.5354195 0.5346668 0.5336735 0.532548 0.532548 0.5314327 0.5301386 0.5286224 0.5269922 0.5251909 0.5235502 0.5218117 0.5198013 0.5198013 0.5178363 0.5157983 0.5137558 0.5116392 0.5092778
0.5731481 0.5740236 0.5748335 0.5749779 0.5748788 0.5746537 0.5740867 0.5740867 0.5730646 0.571781 0.5703447 0.568509 0.5664994 0.5643823 0.5621172 0.5596376 0.5571625 0.5571625 0.5546755 0.5520767 0.5494213 0.546832 0.5440933 0.5412452 0.5383289 0.5354786 0.5328578 0.5328578 0.5341108 0.535358 0.5366881 0.5376897 0.5385503 0.5392268 0.5398651 0.540234 0.5404294 0.5404294 0.5406243 0.5405794 0.5402759 0.539869 0.5392167 0.5384392 0.5376359 0.5366418 0.5353638 0.5353638 0.5341591 0.5328844 0.5313892 0.5297118 0.5278176 0.526036 0.5242258 0.5221769 0.5221769 0.5201675 0.518054 0.5159577 0.5137703 0.5113711
0.5702129 0.5708666 0.5715435 0.5717545 0.5717023 0.5714583 0.5709276 0.5709276 0.5701148 0.5690106 0.5677018 0.5659808 0.5640056 0.5619045 0.5597537 0.5574612 0.5551198 0.5551198 0.5527171 0.5502499 0.5477159 0.5451498 0.5425602 0.5399027 0.5370849 0.5342835 0.535585 0.535585 0.536967 0.5382347 0.5395127 0.540697 0.5415949 0.542335 0.5429624 0.5433294 0.5435057 0.5435057 0.5436141 0.5435894 0.5433217 0.5429497 0.5423949 0.5414838 0.5405353 0.5394983 0.5382094 0.5382094 0.536949 0.5357032 0.5340925 0.5323578 0.5304732 0.5285773 0.5266355 0.524521 0.524521 0.5224715 0.5203254 0.5179203 0.5156224 0.5132909
0.5672864 0.5678689 0.568449 0.5686195 0.5686024 0.5683988 0.5678865 0.5678865 0.5671225 0.5661436 0.5648909 0.5633042 0.5615635 0.5595987 0.5574154 0.5553168 0.5531608 0.5531608 0.5508318 0.5484574 0.5460148 0.5433887 0.5407301 0.5381541 0.5355744 0.5367733 0.5382944 0.5382944 0.5397994 0.5411667 0.5423889 0.5435727 0.5445635 0.5453086 0.5458459 0.5462016 0.546415 0.546415 0.5465727 0.5465853 0.5463468 0.545957 0.5454175 0.5445957 0.5435718 0.5424397 0.5409865 0.5409865 0.5396901 0.5383393 0.5366645 0.5348623 0.5329922 0.5310359 0.529044 0.5268003 0.5268003 0.5245829 0.5221882 0.5196211 0.5171633 0.5148563
0.5672864 0.5678689 0.568449 0.5686195 0.5686024 0.5683988 0.5678865 0.5678865 0.5671225 0.5661436 0.5648909 0.5633042 0.5615635 0.5595987 0.5574154 0.5553168 0.5531608 0.5531608 0.5508318 0.5484574 0.5460148 0.5433887 0.5407301 0.5381541 0.5355744 0.5367733 0.5382944 0.5382944 0.5397994 0.5411667 0.5423889 0.5435727 0.5445635 0.5453086 0.5458459 0.5462016 0.546415 0.546415 0.5465727 0.5465853 0.5463468 0.545957 0.5454175 0.5445957 0.5435718 0.5424397 0.5409865 0.5409865 0.5396901 0.5383393 0.5366645 0.5348623 0.5329922 0.5310359 0.529044 0.5268003 0.5268003 0.5245829 0.5221882 0.5196211 0.5171633 0.5148563
0.5642788 0.564859 0.5653495 0.5654902 0.5654902 0.5653254 0.5648608 0.5648608 0.5641519 0.5632305 0.5620799 0.5607284 0.55919 0.5573527 0.5553264 0.553309 0.5511656 0.5511656 0.5489525 0.5466298 0.5442137 0.541658 0.5390327 0.536431 0.5372663 0.5391563 0.5409181 0.5409181 0.5425055 0.5439948 0.5453086 0.5464929 0.5474274 0.5482491 0.5489617 0.5494533 0.5497285 0.5497285 0.5497997 0.5497162 0.54943 0.5489272 0.5482799 0.5475774 0.5465709 0.545239 0.5438375 0.5438375 0.5424626 0.5408841 0.5393037 0.537349 0.5354173 0.5334523 0.5313714 0.5290164 0.5290164 0.5265341 0.5240941 0.5218053 0.5193353 0.5167633
0.561246 0.5617903 0.56211 0.562215 0.5622122 0.56211 0.5617926 0.5617926 0.5612031 0.5603471 0.5593206 0.5580862 0.5565574 0.5548028 0.5529621 0.5511421 0.5490875 0.5490875 0.5468493 0.544558 0.5421578 0.5398276 0.5373863 0.5378503 0.5397674 0.5416203 0.5433969 0.5433969 0.5450758 0.5466979 0.5481075 0.5493591 0.550295 0.5511687 0.5519924 0.5526946 0.5529417 0.5529417 0.5529852 0.5528533 0.552624 0.5521253 0.5513308 0.550482 0.5495157 0.5480353 0.5466881 0.5466881 0.5451967 0.5434228 0.5418694 0.5398159 0.5377908 0.5356274 0.5332842 0.5309511 0.5309511 0.5286028 0.5262727 0.5240165 0.5215888 0.5190876
0.561246 0.5617903 0.56211 0.562215 0.5622122 0.56211 0.5617926 0.5617926 0.5612031 0.5603471 0.5593206 0.5580862 0.5565574 0.5548028 0.5529621 0.5511421 0.5490875 0.5490875 0.5468493 0.544558 0.5421578 0.5398276 0.5373863 0.5378503 0.5397674 0.5416203 0.5433969 0.5433969 0.5450758 0.5466979 0.5481075 0.5493591 0.550295 0.5511687 0.5519924 0.5526946 0.5529417 0.5529417 0.5529852 0.5528533 0.552624 0.5521253 0.5513308 0.550482 0.5495157 0.5480353 0.5466881 0.5466881 0.5451967 0.5434228 0.5418694 0.5398159 0.5377908 0.5356274 0.5332842 0.5309511 0.5309511 0.5286028 0.5262727 0.5240165 0.5215888 0.5190876
0.5581153 0.5585811 0.5588746 0.5590202 0.5590961 0.559069 0.5587944 0.5587944 0.5582764 0.5575086 0.5564764 0.555238 0.5537551 0.552161 0.550558 0.5486295 0.546726 0.546726 0.5446993 0.5424891 0.5402135 0.5378692 0.5380601 0.540234 0.5422564 0.5442346 0.5460427 0.5460427 0.5477261 0.5493776 0.5509007 0.5522716 0.5533223 0.5543596 0.5550209 0.5556983 0.556033 0.556033 0.5561292 0.5559516 0.5557218 0.5552282 0.5543522 0.5534483 0.5524206 0.5508814 0.5493174 0.5493174 0.5477694 0.5459535 0.5442346 0.5421436 0.5398701 0.5376277 0.5354071 0.5331768 0.5331768 0.5309104 0.5285904 0.526181 0.5235502 0.5207412
0.5549771 0.5555295 0.5559017 0.5560244 0.5560734 0.5560477 0.5558067 0.5558067 0.5552416 0.5544869 0.5535649 0.5523915 0.551054 0.5495429 0.5479054 0.5461084 0.5441883 0.5441883 0.5423195 0.5402734 0.5381012 0.5378376 0.5402415 0.5425161 0.5446203 0.5466721 0.5486453 0.5486453 0.5505201 0.5521307 0.5536551 0.5551949 0.5563966 0.5573982 0.5580387 0.5586386 0.5590246 0.5590246 0.5591403 0.559025 0.5588137 0.5582287 0.5572435 0.5563217 0.5551726 0.5537273 0.551927 0.551927 0.5501918 0.5484101 0.5465559 0.5445511 0.5423329 0.5401558 0.5379928 0.5355394 0.5355394 0.5329777 0.530376 0.5276945 0.5247829 0.5218065
0.5520934 0.5526294 0.5529555 0.5530991 0.5529283 0.5528714 0.5526999 0.5526999 0.5521067 0.5514289 0.5504891 0.549323 0.5479874 0.5465178 0.5449887 0.5433346 0.5415142 0.5415142 0.5396788 0.537748 0.5372171 0.5396961 0.542181 0.5445125 0.5467393 0.548919 0.5510579 0.5510579 0.5530523 0.5548565 0.5565352 0.5579915 0.5593741 0.5603403 0.5610144 0.5615469 0.5620147 0.5620147 0.5622407 0.5621305 0.5617962 0.5611167 0.5601678 0.5592281 0.5579034 0.5564132 0.5545247 0.5545247 0.5526094 0.5508571 0.5488615 0.5467853 0.5446227 0.5421342 0.5395322 0.5368401 0.5368401 0.5341127 0.5314404 0.5286701 0.5257501 0.5230899
0.5520934 0.5526294 0.5529555 0.5530991 0.5529283 0.5528714 0.5526999 0.5526999 0.5521067 0.5514289 0.5504891 0.549323 0.5479874 0.5465178 0.5449887 0.5433346 0.5415142 0.5415142 0.5396788 0.537748 0.5372171 0.5396961 0.542181 0.5445125 0.5467393 0.548919 0.5510579 0.5510579 0.5530523 0.5548565 0.5565352 0.5579915 0.5593741 0.5603403 0.5610144 0.5615469 0.5620147 0.5620147 0.5622407 0.5621305 0.5617962 0.5611167 0.5601678 0.5592281 0.5579034 0.5564132 0.5545247 0.5545247 0.5526094 0.5508571 0.5488615 0.5467853 0.5446227 0.5421342 0.5395322 0.5368401 0.5368401 0.5341127 0.5314404 0.5286701 0.5257501 0.5230899
0.5489954 0.5495642 0.5498341 0.5498973 0.5498364 0.5497342 0.5494626 0.5494626 0.5488189 0.5481297 0.5472253 0.5461515 0.5450313 0.5438201 0.5423833 0.5407583 0.5389798 0.5389798 0.5370713 0.536257 0.5388874 0.5415238 0.7254766 0.7287337 0.731846 0.7349617 0.7379604 0.7379604 0.740607 0.7430551 0.7455066 0.7477624 0.7495422 0.5632874 0.564044 0.5646359 0.5652734 0.5652734 0.5655277 0.5653589 0.5650305 0.5641608 0.5631857 0.5621413 0.5606769 0.5590553 0.5569717 0.5569717 0.5549889 0.5531789 0.5510466 0.5488252 0.5464882 0.5438185 0.5412067 0.5385502 0.5385502 0.5358487 0.5331117 0.5303178 0.7035016 0.7001399
