denmarkbig2.asc
ncols         95
nrows         166
xllcorner     13057894.5309
yllcorner     -4170433.985
cellsize      82.948124210517
NODATA_value  -9999
[rows 120 to 149 of 166, columns 0 to 66 of 95]
0.1609448 0.1599384 0.1589026 0.1578829 0.1568806 0.156569 0.1573081 0.1580156 0.1587421 0.1594486 0.1594486 0.1601223 0.1608081 0.1614783 0.1621109 0.1627383 0.1633176 0.1638879 0.1644414 0.1649617 0.1649617 0.1654694 0.165971 0.1664638 0.166901 0.1673208 0.1676947 0.1680752 0.168387 0.5059948 0.5059948 0.5067354 0.5073303 0.5079747 0.6 -9999 -9999 -9999 -9999 -9999 -9999 -9999 -9999 0.6 0.6 0.1690381 0.1689097 0.1688219 0.1686621 0.1684686 0.1684686 0.1681657 0.1678208 0.1675338 0.1673255 0.1671366 0.1669455 0.1667754 0.1665174 0.1665174 0.1661733 0.1658239 0.1654142 0.1649666 0.1645267 0.1640151 0.1633777
0.1608084 0.1597893 0.158727 0.1577206 0.1566826 0.1558082 0.1565384 0.1572559 0.1579857 0.1586833 0.1586833 0.1593511 0.1599848 0.1606384 0.1612725 0.161855 0.1624326 0.1629994 0.1635517 0.1640652 0.1640652 0.1645561 0.1650404 0.1654817 0.16594 0.1663737 0.1667295 0.1670756 0.1673678 0.1676645 0.1676645 0.1679028 0.1681042 0.6 -9999 -9999 -9999 -9999 -9999 -9999 -9999 -9999 -9999 0.6 0.6 0.1680558 0.1678608 0.167725 0.1674108 0.1671671 0.1671671 0.1670097 0.1669088 0.1668093 0.1666212 -9999 -9999 -9999 -9999 -9999 -9999 -9999 -9999 -9999 -9999 -9999 -9999
0.1605992 0.1595572 0.158521 0.1575156 0.1564906 0.1554598 0.1557934 0.1565126 0.1572251 0.1578856 0.1578856 0.1585484 0.159195 0.1598074 0.1604154 0.1610216 0.1615728 0.1621221 0.1626664 0.1631804 0.1631804 0.1636552 0.1641421 0.1645911 0.1650128 0.1653886 0.1657555 0.1660886 0.1663813 0.166664 0.166664 0.1668744 0.1670879 0.6 -9999 -9999 -9999 0.6 -9999 -9999 -9999 -9999 -9999 0.6 0.6 0.6 0.6 -9999 -9999 -9999 -9999 -9999 -9999 -9999 -9999 -9999 -9999 -9999 -9999 -9999 -9999 -9999 -9999 -9999 -9999 -9999 -9999
0.1603335 0.1593095 0.1582989 0.1573115 0.1563149 0.1552815 0.1550435 0.1557435 0.1564266 0.1570722 0.1570722 0.1577249 0.158371 0.1589617 0.1595526 0.1601197 0.1606799 0.1612586 0.1617843 0.1622784 0.1622784 0.1627373 0.1631985 0.1636386 0.1640566 0.1644253 0.1647727 0.1651057 0.1653824 0.1656416 0.1656416 0.1658471 0.1660863 -9999 -9999 -9999 -9999 -9999 -9999 -9999 -9999 -9999 -9999 0.6 0.6 0.6 -9999 -9999 -9999 -9999 -9999 -9999 -9999 -9999 -9999 -9999 -9999 -9999 -9999 -9999 -9999 -9999 -9999 -9999 -9999 -9999 -9999
0.1603335 0.1593095 0.1582989 0.1573115 0.1563149 0.1552815 0.1550435 0.1557435 0.1564266 0.1570722 0.1570722 0.1577249 0.158371 0.1589617 0.1595526 0.1601197 0.1606799 0.1612586 0.1617843 0.1622784 0.1622784 0.1627373 0.1631985 0.1636386 0.1640566 0.1644253 0.1647727 0.1651057 0.1653824 0.1656416 0.1656416 0.1658471 0.1660863 -9999 -9999 -9999 -9999 -9999 -9999 -9999 -9999 -9999 -9999 0.6 0.6 0.6 -9999 -9999 -9999 -9999 -9999 -9999 -9999 -9999 -9999 -9999 -9999 -9999 -9999 -9999 -9999 -9999 -9999 -9999 -9999 -9999 -9999
0.1600484 0.159 0.1580153 0.1570165 0.1559862 0.1549531 0.1541457 0.1548056 0.1554633 0.1561335 0.1561335 0.1568134 0.15747 0.158066 0.1586333 0.1592058 0.1597977 0.1603445 0.1608635 0.1613359 0.1613359 0.161799 0.162248 0.1626869 0.1630759 0.1634473 0.1638014 0.1640986 0.1643673 0.1646155 0.1646155 0.164842 0.1650902 -9999 -9999 0.6 -9999 -9999 0.6 -9999 -9999 -9999 -9999 0.6 0.6 -9999 -9999 -9999 -9999 -9999 -9999 -9999 -9999 -9999 -9999 -9999 -9999 -9999 -9999 -9999 -9999 -9999 -9999 -9999 -9999 -9999 -9999
0.1597179 0.1586559 0.157586 0.1565603 0.1555628 0.1545759 0.1535925 0.1539572 0.1546533 0.1553683 0.1553683 0.1560345 0.1566321 0.1571686 0.1577782 0.158405 0.1589291 0.159425 0.1599339 0.1604154 0.1604154 0.160851 0.1612818 0.1616875 0.1620557 0.1624194 0.1627444 0.1630415 0.1633337 0.1636055 0.1636055 0.163796 0.163951 -9999 -9999 0.6 -9999 0.6 -9999 -9999 -9999 -9999 -9999 0.6 -9999 -9999 -9999 -9999 -9999 -9999 -9999 -9999 -9999 -9999 -9999 -9999 -9999 -9999 -9999 -9999 -9999 -9999 -9999 -9999 -9999 -9999 -9999
0.1597179 0.1586559 0.157586 0.1565603 0.1555628 0.1545759 0.1535925 0.1539572 0.1546533 0.1553683 0.1553683 0.1560345 0.1566321 0.1571686 0.1577782 0.158405 0.1589291 0.159425 0.1599339 0.1604154 0.1604154 0.160851 0.1612818 0.1616875 0.1620557 0.1624194 0.1627444 0.1630415 0.1633337 0.1636055 0.1636055 0.163796 0.163951 -9999 -9999 0.6 -9999 0.6 -9999 -9999 -9999 -9999 -9999 0.6 -9999 -9999 -9999 -9999 -9999 -9999 -9999 -9999 -9999 -9999 -9999 -9999 -9999 -9999 -9999 -9999 -9999 -9999 -9999 -9999 -9999 -9999 -9999
0.159346 0.1583365 0.1573039 0.1562869 0.1553137 0.1543604 0.1534224 0.153295 0.1539263 0.1544967 0.1544967 0.1551947 0.1558031 0.1563045 0.1568732 0.1574553 0.1580047 0.1585267 0.1590235 0.1594998 0.1594998 0.1599315 0.1603202 0.1606176 0.1609401 0.1612679 0.1616066 0.1619219 0.1622002 0.1624792 0.1624792 0.1627201 0.1629261 -9999 -9999 -9999 -9999 -9999 -9999 -9999 -9999 -9999 -9999 -9999 -9999 -9999 -9999 -9999 -9999 -9999 -9999 -9999 -9999 -9999 -9999 -9999 -9999 -9999 -9999 -9999 -9999 -9999 -9999 -9999 -9999 -9999 -9999
0.1589532 0.1579595 0.1569715 0.1559865 0.1550143 0.1540293 0.1530263 0.1523525 0.1530042 0.1535689 0.1535689 0.1541044 0.1547191 0.1553141 0.1558361 0.1563668 0.1569444 0.1575093 0.1580252 0.1584973 0.1584973 0.1589372 0.1593256 0.159618 0.1599611 0.1602702 0.1606479 0.1610119 0.1612882 0.1615558 0.1615558 0.1617674 0.1619413 0.1620939 -9999 -9999 -9999 -9999 -9999 -9999 -9999 -9999 -9999 -9999 -9999 -9999 -9999 -9999 -9999 -9999 -9999 -9999 -9999 -9999 -9999 -9999 -9999 -9999 -9999 -9999 -9999 -9999 -9999 -9999 -9999 -9999 -9999
0.1585693 0.1575699 0.1565666 0.1555473 0.1544986 0.1534564 0.1524497 0.1514851 0.1519232 0.152466 0.152466 0.1529927 0.1535796 0.1542147 0.1548097 0.1553369 0.1558279 0.1563377 0.1568708 0.157366 0.157366 0.1578237 0.1582687 0.1586594 0.1590778 0.1594766 0.1596962 0.1599739 0.1602467 0.1605144 0.1605144 0.1607558 0.1609365 0.1610992 0.1612252 0.1613294 0.1613702 0.6 -9999 -9999 -9999 -9999 -9999 -9999 -9999 -9999 -9999 -9999 -9999 -9999 -9999 -9999 -9999 -9999 -9999 -9999 -9999 -9999 -9999 -9999 -9999 -9999 -9999 -9999 -9999 -9999 -9999
0.1585693 0.1575699 0.1565666 0.1555473 0.1544986 0.1534564 0.1524497 0.1514851 0.1519232 0.152466 0.152466 0.1529927 0.1535796 0.1542147 0.1548097 0.1553369 0.1558279 0.1563377 0.1568708 0.157366 0.157366 0.1578237 0.1582687 0.1586594 0.1590778 0.1594766 0.1596962 0.1599739 0.1602467 0.1605144 0.1605144 0.1607558 0.1609365 0.1610992 0.1612252 0.1613294 0.1613702 0.6 -9999 -9999 -9999 -9999 -9999 -9999 -9999 -9999 -9999 -9999 -9999 -9999 -9999 -9999 -9999 -9999 -9999 -9999 -9999 -9999 -9999 -9999 -9999 -9999 -9999 -9999 -9999 -9999 -9999
0.158281 0.1573505 0.1563656 0.1553371 0.1543267 0.1533568 0.1523595 0.1513019 0.151125 0.1517024 0.1517024 0.1523042 0.1528336 0.1534479 0.1541196 0.1546906 0.1551489 0.1555496 0.1559702 0.1564237 0.1564237 0.1568611 0.1572861 0.157742 0.1581873 0.1584859 0.1587203 0.1589257 0.1591038 0.1592848 0.1592848 0.1595319 0.1598054 0.1600125 0.1601287 0.1602588 0.1603675 0.160379 0.6 -9999 -9999 -9999 -9999 -9999 -9999 -9999 -9999 -9999 -9999 -9999 -9999 -9999 -9999 -9999 -9999 -9999 -9999 -9999 -9999 -9999 -9999 -9999 -9999 -9999 -9999 -9999 -9999
0.1580193 0.1570352 0.1559911 0.1550424 0.1541689 0.1531721 0.1521735 0.1512324 0.1505262 0.151087 0.151087 0.1516868 0.1521597 0.1526655 0.1532752 0.1538351 0.1543161 0.1547737 0.1552097 0.1556412 0.1556412 0.1560747 0.1564614 0.1568223 0.1571221 0.1572874 0.1574325 0.1576844 0.1580132 0.1582841 0.1582841 0.1585268 0.1587701 0.1590216 0.1591563 0.1591849 0.1592665 0.1593085 0.6 -9999 -9999 -9999 -9999 -9999 -9999 -9999 -9999 -9999 -9999 -9999 -9999 -9999 -9999 -9999 -9999 -9999 -9999 -9999 -9999 -9999 -9999 -9999 -9999 -9999 -9999 -9999 -9999
0.1573718 0.1564664 0.1555512 0.1547518 0.1537588 0.1527919 0.1518448 0.1508492 0.1498776 0.1503261 0.1503261 0.1508515 0.1513131 0.1517903 0.1522681 0.1527874 0.1533428 0.1538472 0.1542894 0.1547192 0.1547192 0.1550626 0.1553376 0.1555681 0.1557605 0.1560035 0.1563852 0.1566964 0.1570418 0.1573257 0.1573257 0.1575318 0.1577294 0.1579525 0.1580769 0.158159 0.1582995 0.158308 0.6 0.6 0.6 -9999 -9999 -9999 -9999 -9999 -9999 -9999 -9999 -9999 -9999 -9999 -9999 -9999 -9999 -9999 -9999 -9999 -9999 -9999 -9999 -9999 -9999 -9999 -9999 -9999 -9999
0.1573718 0.1564664 0.1555512 0.1547518 0.1537588 0.1527919 0.1518448 0.1508492 0.1498776 0.1503261 0.1503261 0.1508515 0.1513131 0.1517903 0.1522681 0.1527874 0.1533428 0.1538472 0.1542894 0.1547192 0.1547192 0.1550626 0.1553376 0.1555681 0.1557605 0.1560035 0.1563852 0.1566964 0.1570418 0.1573257 0.1573257 0.1575318 0.1577294 0.1579525 0.1580769 0.158159 0.1582995 0.158308 0.6 0.6 0.6 -9999 -9999 -9999 -9999 -9999 -9999 -9999 -9999 -9999 -9999 -9999 -9999 -9999 -9999 -9999 -9999 -9999 -9999 -9999 -9999 -9999 -9999 -9999 -9999 -9999 -9999
-9999 -9999 -9999 -9999 0.1532443 0.1523771 0.1514725 0.1504835 0.1495347 0.1494284 0.1494284 0.1499543 0.1504024 0.1508165 0.1512863 0.1518037 0.1523246 0.1527501 0.1531194 0.1533994 0.1533994 0.1536241 0.1539116 0.1542605 0.1546909 0.1552045 0.1556122 0.1558219 0.1560636 0.1562939 0.1562939 0.1564416 0.1565053 0.1566038 0.1567205 0.156844 0.15698 0.1571147 0.1572113 0.6 0.6 -9999 -9999 -9999 -9999 -9999 -9999 -9999 -9999 -9999 -9999 -9999 -9999 -9999 -9999 -9999 -9999 -9999 -9999 -9999 -9999 -9999 -9999 -9999 -9999 -9999 -9999
-9999 -9999 -9999 -9999 -9999 -9999 -9999 0.1500771 0.1491236 0.1484684 0.1484684 0.1489208 0.1494237 0.1499495 0.1504098 0.150743 0.151006 0.1512942 0.151678 0.1521196 0.1521196 0.1526088 0.1531217 0.1535942 0.1540328 0.1544221 0.1546878 0.154864 0.1550862 0.1552765 0.1552765 0.1553534 0.1553954 0.1554734 0.1555985 0.1557332 0.1558137 0.1558644 0.1559331 0.6 0.6 0.6 0.6 0.6 -9999 -9999 -9999 -9999 -9999 -9999 -9999 -9999 -9999 -9999 -9999 -9999 -9999 -9999 -9999 -9999 -9999 -9999 -9999 -9999 -9999 -9999 -9999
-9999 -9999 -9999 -9999 -9999 -9999 -9999 -9999 -9999 0.1475883 0.1475883 0.1480507 0.1485803 0.1490741 0.1494766 0.1497765 0.1501482 0.150615 0.1510607 0.151513 0.151513 0.1519837 0.152404 0.1527759 0.1530856 0.1533518 0.1535989 0.1538032 0.1540034 0.1542228 0.1542228 0.1543913 0.154512 0.1545782 0.1546282 0.1547179 0.1547446 0.1547496 0.1548331 0.1549871 0.1549871 0.6 0.6 0.6 -9999 -9999 -9999 -9999 -9999 -9999 -9999 -9999 -9999 -9999 -9999 -9999 -9999 -9999 -9999 -9999 -9999 -9999 -9999 -9999 -9999 -9999 -9999
-9999 -9999 -9999 -9999 -9999 -9999 -9999 -9999 -9999 0.1475883 0.1475883 0.1480507 0.1485803 0.1490741 0.1494766 0.1497765 0.1501482 0.150615 0.1510607 0.151513 0.151513 0.1519837 0.152404 0.1527759 0.1530856 0.1533518 0.1535989 0.1538032 0.1540034 0.1542228 0.1542228 0.1543913 0.154512 0.1545782 0.1546282 0.1547179 0.1547446 0.1547496 0.1548331 0.1549871 0.1549871 0.6 0.6 0.6 -9999 -9999 -9999 -9999 -9999 -9999 -9999 -9999 -9999 -9999 -9999 -9999 -9999 -9999 -9999 -9999 -9999 -9999 -9999 -9999 -9999 -9999 -9999
-9999 -9999 -9999 -9999 -9999 -9999 -9999 -9999 -9999 -9999 -9999 0.1473231 0.1478291 0.14828 0.1486671 0.1491485 0.1496762 0.150102 0.1504735 0.1508037 0.1508037 0.1511184 0.151409 0.1516982 0.1519456 0.1521285 0.1522955 0.1524878 0.1527117 0.1530491 0.1530491 0.1533611 0.1535672 0.1536714 0.1537015 0.153807 0.1539019 0.153919 0.1539005 0.1539813 0.1539813 0.1540676 0.1539909 0.6 0.6 0.6 -9999 -9999 -9999 -9999 -9999 -9999 -9999 -9999 -9999 -9999 -9999 -9999 -9999 -9999 -9999 -9999 -9999 -9999 -9999 -9999 -9999
-9999 -9999 -9999 -9999 -9999 -9999 -9999 -9999 -9999 -9999 -9999 -9999 -9999 0.1472647 0.14771 0.148201 0.1486647 0.1491402 0.149492 0.1498038 0.1498038 0.1500837 0.1503523 0.1506146 0.1508605 0.1510949 0.1513339 0.1515964 0.1517794 0.1519749 0.1519749 0.1522657 0.15254 0.1527393 0.1528208 0.1529283 0.1530314 0.1530368 0.1528984 0.1528819 0.1528819 0.1530226 0.1529936 0.1529852 0.6 0.6 0.6 -9999 -9999 -9999 -9999 -9999 -9999 -9999 -9999 -9999 -9999 -9999 -9999 -9999 -9999 -9999 -9999 -9999 -9999 -9999 -9999
-9999 -9999 -9999 -9999 -9999 -9999 -9999 -9999 -9999 -9999 -9999 -9999 -9999 0.1472647 0.14771 0.148201 0.1486647 0.1491402 0.149492 0.1498038 0.1498038 0.1500837 0.1503523 0.1506146 0.1508605 0.1510949 0.1513339 0.1515964 0.1517794 0.1519749 0.1519749 0.1522657 0.15254 0.1527393 0.1528208 0.1529283 0.1530314 0.1530368 0.1528984 0.1528819 0.1528819 0.1530226 0.1529936 0.1529852 0.6 0.6 0.6 -9999 -9999 -9999 -9999 -9999 -9999 -9999 -9999 -9999 -9999 -9999 -9999 -9999 -9999 -9999 -9999 -9999 -9999 -9999 -9999
-9999 -9999 -9999 -9999 -9999 -9999 -9999 -9999 -9999 -9999 -9999 -9999 -9999 -9999 -9999 0.1471385 0.147617 0.1480702 0.1484627 0.1488001 0.1488001 0.1491644 0.149506 0.1497682 0.1500465 0.15036 0.1506019 0.1508492 0.1510377 0.1511306 0.1511306 0.1512352 0.1514326 0.1516252 0.1517396 0.1518346 0.1519083 0.1519491 0.1518097 0.1517655 0.1517655 0.151962 0.1519794 0.151956 0.1518618 0.1517657 0.6 0.6 -9999 -9999 -9999 -9999 -9999 -9999 -9999 -9999 -9999 -9999 -9999 -9999 -9999 -9999 -9999 -9999 -9999 -9999 -9999
-9999 -9999 -9999 -9999 -9999 -9999 -9999 -9999 -9999 -9999 -9999 -9999 -9999 -9999 -9999 -9999 -9999 0.1469201 0.1472971 0.1477383 0.1477383 0.1481929 0.1485697 0.1488946 0.149209 0.149444 0.1496697 0.1498955 0.1501131 0.1502674 0.1502674 0.1503438 0.1504493 0.1505637 0.1506463 0.1507139 0.1507727 0.1508297 0.1506896 0.1506303 0.1506303 0.1508483 0.1509008 0.1508732 0.1508116 0.1507455 0.6 -9999 -9999 -9999 -9999 -9999 -9999 -9999 -9999 -9999 -9999 -9999 -9999 -9999 -9999 -9999 -9999 -9999 -9999 -9999 -9999
-9999 -9999 -9999 -9999 -9999 -9999 -9999 -9999 -9999 -9999 -9999 -9999 -9999 -9999 -9999 -9999 -9999 -9999 -9999 0.1460506 0.1460506 0.1465886 0.1474123 0.1479147 0.1481786 0.1484433 0.1486995 0.1489052 0.1491258 0.1493062 0.1493062 0.1494166 0.1495529 0.1496751 0.14978 0.1498311 0.1498435 0.1497994 0.1495453 0.149491 0.149491 0.1497427 0.1498446 0.1498508 0.1498076 0.4492049 -9999 -9999 -9999 -9999 -9999 -9999 -9999 -9999 -9999 -9999 -9999 -9999 -9999 -9999 -9999 -9999 -9999 -9999 -9999 -9999 -9999
-9999 -9999 -9999 -9999 -9999 -9999 -9999 -9999 -9999 -9999 -9999 -9999 -9999 -9999 -9999 -9999 -9999 -9999 -9999 0.1460506 0.1460506 0.1465886 0.1474123 0.1479147 0.1481786 0.1484433 0.1486995 0.1489052 0.1491258 0.1493062 0.1493062 0.1494166 0.1495529 0.1496751 0.14978 0.1498311 0.1498435 0.1497994 0.1495453 0.149491 0.149491 0.1497427 0.1498446 0.1498508 0.1498076 0.4492049 -9999 -9999 -9999 -9999 -9999 -9999 -9999 -9999 -9999 -9999 -9999 -9999 -9999 -9999 -9999 -9999 -9999 -9999 -9999 -9999 -9999
-9999 -9999 -9999 -9999 -9999 -9999 -9999 -9999 -9999 -9999 -9999 -9999 -9999 -9999 -9999 -9999 -9999 -9999 -9999 -9999 -9999 0.1448651 0.1457313 0.1467567 0.1471804 0.1474493 0.1477087 0.1479074 0.1480792 0.1482416 0.1482416 0.1483759 0.1485327 0.1486521 0.148764 0.14884 0.1488478 0.1487059 0.1483286 0.1483297 0.1483297 0.1486526 0.1488016 -9999 -9999 -9999 -9999 -9999 -9999 -9999 -9999 -9999 -9999 -9999 -9999 -9999 -9999 -9999 -9999 -9999 -9999 -9999 -9999 -9999 -9999 -9999 -9999
-9999 -9999 -9999 -9999 -9999 -9999 -9999 -9999 -9999 -9999 -9999 -9999 -9999 -9999 -9999 -9999 -9999 -9999 -9999 -9999 -9999 -9999 0.432543 0.1452966 0.14615 0.1464263 0.146636 0.1468298 0.1470092 0.1471918 0.1471918 0.1473709 0.1475447 0.1476378 0.1477118 0.1477841 0.1477813 0.1475955 0.1471817 0.147338 0.147338 -9999 -9999 -9999 -9999 -9999 -9999 -9999 -9999 -9999 -9999 -9999 -9999 -9999 -9999 -9999 -9999 -9999 -9999 -9999 -9999 -9999 -9999 -9999 -9999 -9999 -9999
-9999 -9999 -9999 -9999 -9999 -9999 -9999 -9999 -9999 -9999 -9999 -9999 -9999 -9999 -9999 -9999 -9999 -9999 -9999 -9999 -9999 -9999 -9999 -9999 0.4349419 0.1452922 0.14552 0.1457776 0.1460476 0.1462165 0.1462165 0.1463661 0.146533 0.1466253 0.1466711 0.1466989 0.146691 0.1466121 0.1462363 0.6 0.6 -9999 -9999 -9999 -9999 -9999 -9999 -9999 -9999 -9999 -9999 -9999 -9999 -9999 -9999 -9999 -9999 -9999 -9999 -9999 -9999 -9999 -9999 -9999 -9999 -9999 -9999
