denmarkbig2.asc
ncols         95
nrows         166
xllcorner     13057894.5309
yllcorner     -4170433.985
cellsize      82.948124210517
NODATA_value  -9999
[rows 30 to 59 of 166, columns 0 to 66 of 95]
0.7013518 0.7010422 0.701708 0.7022362 0.7018352 0.7010509 0.7009687 0.6997957 0.6986496 0.6980068 0.6980068 0.6969056 0.6961653 0.6948957 0.51903 0.5166802 0.5147023 0.5132761 0.5108095 0.5100447 0.5100447 0.5091695 0.5072861 0.5053399 0.5034887 0.5016263 0.6664472 0.6641153 0.6606188 0.6566586 0.6566586 0.6544393 0.6519689 0.6474036 0.6464677 0.6476386 0.6522079 0.6571577 0.6620799 0.6664076 0.6664076 0.6700144 0.6737956 0.6781719 0.6823701 0.6862668 0.6902362 0.6930733 0.5222781 0.5252726 0.5252726 0.5282178 0.5307738 0.5336299 0.5364969 0.5397313 0.5429493 0.5457987 0.5486898 0.5486898 0.5515466 0.5543488 0.5569662 0.5594944 0.5618896 0.7523001 0.7551808
0.706313 0.7053739 0.7055335 0.7056395 0.7055341 0.7056276 0.7049043 0.7029519 0.70189 0.7015188 0.7015188 0.701017 0.7002174 0.698125 0.5215628 0.5189269 0.5168985 0.5170942 0.5145882 0.5127536 0.5127536 0.5115702 0.5095063 0.5072867 0.5051515 0.5032512 0.668587 0.6662964 0.6642572 0.6601951 0.6601951 0.656244 0.6536583 0.6521479 0.6521287 0.6514933 0.6513 0.6542197 0.659287 0.6643707 0.6643707 0.6688514 0.6731558 0.6768448 0.6805677 0.6844001 0.6881554 0.5190314 0.5212805 0.5239578 0.5239578 0.5268925 0.5295435 0.5322961 0.5353469 0.5384917 0.5413772 0.5442224 0.5473338 0.5473338 0.5501113 0.5527794 0.5553865 0.5578032 0.5600303 0.5622188 0.5644311
0.7114602 0.7103451 0.7094598 0.7089241 0.7095942 0.7102504 0.7090371 0.7069225 0.7053812 0.7048256 0.7048256 0.7046068 0.7035906 0.7011464 0.5237335 0.521188 0.5197395 0.5199417 0.5173453 0.5145473 0.5145473 0.512859 0.5110861 0.5088322 0.5069027 0.505191 0.5033706 0.6687626 0.66645 0.6639339 0.6639339 0.6593262 0.6552191 0.6553622 0.656638 0.6569092 0.6570562 0.6569967 0.6567756 0.661097 0.661097 0.6662267 0.6712538 0.6759211 0.6796864 0.5121568 0.5145866 0.5174555 0.5207622 0.523339 0.523339 0.5260683 0.5287424 0.5314726 0.5345779 0.5375215 0.5401863 0.5430026 0.5458924 0.5458924 0.548569 0.5509152 0.5533377 0.5556298 0.5576756 0.5600396 0.5623068
0.7114602 0.7103451 0.7094598 0.7089241 0.7095942 0.7102504 0.7090371 0.7069225 0.7053812 0.7048256 0.7048256 0.7046068 0.7035906 0.7011464 0.5237335 0.521188 0.5197395 0.5199417 0.5173453 0.5145473 0.5145473 0.512859 0.5110861 0.5088322 0.5069027 0.505191 0.5033706 0.6687626 0.66645 0.6639339 0.6639339 0.6593262 0.6552191 0.6553622 0.656638 0.6569092 0.6570562 0.6569967 0.6567756 0.661097 0.661097 0.6662267 0.6712538 0.6759211 0.6796864 0.5121568 0.5145866 0.5174555 0.5207622 0.523339 0.523339 0.5260683 0.5287424 0.5314726 0.5345779 0.5375215 0.5401863 0.5430026 0.5458924 0.5458924 0.548569 0.5509152 0.5533377 0.5556298 0.5576756 0.5600396 0.5623068
0.7159814 0.7157302 0.7150233 0.7147982 0.7147809 0.7147225 0.7134627 0.7116061 0.7101593 0.7089387 0.7089387 0.7072661 0.706185 0.7047015 0.5269371 0.5247344 0.5229841 0.5225015 0.5202781 0.5173718 0.5173718 0.5148482 0.513027 0.5110951 0.5096129 0.5077039 0.5054501 0.6711281 0.6688374 0.6664213 0.6664213 0.6627041 0.6583037 0.658937 0.6599367 0.661049 0.6622216 0.6631637 0.6629646 0.6626887 0.6626887 0.6646274 0.6687356 0.5046095 0.5075128 0.5102499 0.5131075 0.5159373 0.5194756 0.5224172 0.5224172 0.5250645 0.5278841 0.5306401 0.5335295 0.5364208 0.5391766 0.5416857 0.5441624 0.5441624 0.5465808 0.548836 0.5511941 0.553432 0.555611 0.5577372 0.5600462
0.7192535 0.7202514 0.7202532 0.7195843 0.7186783 0.7182306 0.7172922 0.7164142 0.7155745 0.7130673 0.7130673 0.7102091 0.708829 0.7083856 0.5303311 0.5281879 0.525975 0.5252928 0.5237079 0.5208887 0.5208887 0.5179912 0.5158743 0.5141563 0.5125825 0.5099694 0.5072919 0.5049049 0.6707511 0.6682851 0.6682851 0.6652049 0.6628441 0.6634246 0.6640999 0.6649734 0.6661415 0.6669107 0.6681197 0.5013018 0.5013018 0.5011508 0.5010583 0.5030549 0.505792 0.5083869 0.5112754 0.5145793 0.5182002 0.5214497 0.5214497 0.5242404 0.5269539 0.5294991 0.5317571 0.5340283 0.536518 0.5390099 0.5415097 0.5415097 0.544101 0.5464563 0.5488689 0.5512393 0.5533825 0.5556567 0.5577782
0.7192535 0.7202514 0.7202532 0.7195843 0.7186783 0.7182306 0.7172922 0.7164142 0.7155745 0.7130673 0.7130673 0.7102091 0.708829 0.7083856 0.5303311 0.5281879 0.525975 0.5252928 0.5237079 0.5208887 0.5208887 0.5179912 0.5158743 0.5141563 0.5125825 0.5099694 0.5072919 0.5049049 0.6707511 0.6682851 0.6682851 0.6652049 0.6628441 0.6634246 0.6640999 0.6649734 0.6661415 0.6669107 0.6681197 0.5013018 0.5013018 0.5011508 0.5010583 0.5030549 0.505792 0.5083869 0.5112754 0.5145793 0.5182002 0.5214497 0.5214497 0.5242404 0.5269539 0.5294991 0.5317571 0.5340283 0.536518 0.5390099 0.5415097 0.5415097 0.544101 0.5464563 0.5488689 0.5512393 0.5533825 0.5556567 0.5577782
0.5421875 0.7243494 0.724455 0.7232736 0.7218785 0.7216461 0.7215478 0.7215332 0.7201107 0.7172203 0.7172203 0.7146181 0.7124972 0.7113013 0.5325236 0.5311915 0.5291317 0.5275615 0.5259293 0.5238485 0.5238485 0.5216126 0.5191344 0.5170834 0.5150688 0.5121125 0.5093384 0.5067187 0.5044137 0.5023589 0.5023589 0.6670793 0.6670471 0.667998 0.6685414 0.501833 0.5026233 0.5031465 0.5039533 0.5048898 0.5048898 0.5049517 0.5048735 0.5047663 0.5049305 0.5078655 0.5110151 0.514361 0.5174055 0.5197611 0.5197611 0.522249 0.5247931 0.5273043 0.5298054 0.5322884 0.5348377 0.5374131 0.5397595 0.5397595 0.5419633 0.54403 0.5464522 0.5488755 0.5512361 0.5534222 0.5556594
0.5456225 0.5465132 0.7284892 0.7270041 0.7254392 0.7256182 0.726143 0.7262288 0.7232671 0.721226 0.721226 0.7191985 0.7166116 0.7144126 0.5342797 0.5330219 0.5319228 0.5303611 0.5281476 0.5258549 0.5258549 0.5243486 0.5222058 0.5197313 0.5171911 0.5143702 0.5116031 0.5088859 0.5065315 0.5042977 0.5042977 0.5028707 0.5039674 0.5045866 0.5045536 0.5047364 0.5050502 0.5057006 0.5065796 0.5074543 0.5074543 0.508342 0.5087535 0.508618 0.5087473 0.5091161 0.5103642 0.5127694 0.5151538 0.5178321 0.5178321 0.5205146 0.523169 0.525887 0.5285723 0.531004 0.5332776 0.5357335 0.5378155 0.5378155 0.5399101 0.5420687 0.5441831 0.5466626 0.5489718 0.5513074 0.5538331
0.5492072 0.5498047 0.7325981 0.7309352 0.7291968 0.7292449 0.7300192 0.7298884 0.7261316 0.7246892 0.7246892 0.7235895 0.7206949 0.7180951 0.536952 0.5353864 0.5339279 0.5326157 0.5308571 0.5283254 0.5283254 0.5261253 0.5241945 0.5221699 0.5192677 0.5165517 0.5138598 0.5109927 0.5082581 0.505785 0.505785 0.5054356 0.5066125 0.5079233 0.5080979 0.5081823 0.5083549 0.5087035 0.5094543 0.5100991 0.5100991 0.5109175 0.5115302 0.5118621 0.5122315 0.5123095 0.5123663 0.5120417 0.5140073 0.5168514 0.5168514 0.5192298 0.5215368 0.5238388 0.5262533 0.5286652 0.5309185 0.5330876 0.5351864 0.5351864 0.5374416 0.5397149 0.5420649 0.5442758 0.5465439 0.549198 0.5521088
0.5492072 0.5498047 0.7325981 0.7309352 0.7291968 0.7292449 0.7300192 0.7298884 0.7261316 0.7246892 0.7246892 0.7235895 0.7206949 0.7180951 0.536952 0.5353864 0.5339279 0.5326157 0.5308571 0.5283254 0.5283254 0.5261253 0.5241945 0.5221699 0.5192677 0.5165517 0.5138598 0.5109927 0.5082581 0.505785 0.505785 0.5054356 0.5066125 0.5079233 0.5080979 0.5081823 0.5083549 0.5087035 0.5094543 0.5100991 0.5100991 0.5109175 0.5115302 0.5118621 0.5122315 0.5123095 0.5123663 0.5120417 0.5140073 0.5168514 0.5168514 0.5192298 0.5215368 0.5238388 0.5262533 0.5286652 0.5309185 0.5330876 0.5351864 0.5351864 0.5374416 0.5397149 0.5420649 0.5442758 0.5465439 0.549198 0.5521088
0.5523266 0.5527285 0.5526049 0.7351111 0.7330765 0.7328079 0.7336223 0.7338312 0.7298207 0.7283756 0.7283756 0.7282373 0.7257149 0.7226347 0.5401881 0.5385292 0.5365727 0.5346981 0.5330397 0.5309488 0.5309488 0.528337 0.5259256 0.5241836 0.5213929 0.518514 0.5158606 0.5130945 0.5101718 0.5074036 0.5074036 0.508148 0.5088077 0.509769 0.5111753 0.511887 0.5120168 0.512079 0.5126297 0.5130895 0.5130895 0.5134631 0.5141967 0.5148851 0.5151986 0.5151075 0.5148917 0.5145081 0.5140017 0.5138339 0.5138339 0.5162995 0.5186933 0.5211867 0.5235944 0.5258991 0.5281178 0.5302677 0.5326368 0.5326368 0.5349014 0.5373379 0.5395485 0.5416842 0.5447277 0.5477609 0.5506892
0.5550952 0.5556488 0.5558469 0.7394544 0.7372172 0.7366709 0.7372591 0.7377738 0.7339828 0.7314407 0.7314407 0.7307992 0.7297081 0.7273289 0.5430909 0.5411111 0.5393062 0.5373117 0.5352964 0.5327916 0.5327916 0.5302087 0.5277759 0.5256245 0.5231641 0.520233 0.5175942 0.5148174 0.5119839 0.5106176 0.5106176 0.5112565 0.5116451 0.5119742 0.5131558 0.5144753 0.5153214 0.5155816 0.5159506 0.5161401 0.5161401 0.5162062 0.5169615 0.5178179 0.5184332 0.5185922 0.5182614 0.5176389 0.5168195 0.5160093 0.5160093 0.515414 0.5163847 0.5190345 0.5214767 0.5237936 0.5259959 0.5282351 0.5304694 0.5304694 0.5327077 0.53494 0.5375193 0.540508 0.5435785 0.5464458 0.5490946
0.5582831 0.5589862 0.5587969 0.5575659 0.7415676 0.7407505 0.7408621 0.7414877 0.7384362 0.7348714 0.7348714 0.7329845 0.7320179 0.7306332 0.5461283 0.5438436 0.5418812 0.5397187 0.5373938 0.5344204 0.5344204 0.5315681 0.5289184 0.526749 0.524555 0.5218931 0.5194477 0.5166403 0.5136442 0.513656 0.513656 0.5143366 0.5148511 0.5149897 0.5154887 0.5164337 0.5173127 0.5181739 0.5191816 0.5195419 0.5195419 0.5196297 0.5198925 0.5202655 0.5208701 0.5214133 0.5215731 0.5211802 0.5206966 0.5201249 0.5201249 0.5195048 0.5188354 0.5181026 0.519716 0.5218806 0.5240784 0.5262802 0.5286922 0.5286922 0.5309883 0.5339028 0.5367686 0.5395851 0.5423033 0.545009 0.5475361
0.5582831 0.5589862 0.5587969 0.5575659 0.7415676 0.7407505 0.7408621 0.7414877 0.7384362 0.7348714 0.7348714 0.7329845 0.7320179 0.7306332 0.5461283 0.5438436 0.5418812 0.5397187 0.5373938 0.5344204 0.5344204 0.5315681 0.5289184 0.526749 0.524555 0.5218931 0.5194477 0.5166403 0.5136442 0.513656 0.513656 0.5143366 0.5148511 0.5149897 0.5154887 0.5164337 0.5173127 0.5181739 0.5191816 0.5195419 0.5195419 0.5196297 0.5198925 0.5202655 0.5208701 0.5214133 0.5215731 0.5211802 0.5206966 0.5201249 0.5201249 0.5195048 0.5188354 0.5181026 0.519716 0.5218806 0.5240784 0.5262802 0.5286922 0.5286922 0.5309883 0.5339028 0.5367686 0.5395851 0.5423033 0.545009 0.5475361
0.5616777 0.5619241 0.5614338 0.5605702 0.5596826 0.745 0.7444245 0.7450133 0.7428491 0.7388766 0.7388766 0.7361177 0.7347087 0.5498085 0.5488975 0.5462598 0.5440733 0.5417828 0.5392374 0.5364655 0.5364655 0.5339192 0.5313995 0.5292374 0.5264308 0.5236382 0.5212449 0.5185573 0.5163666 0.517074 0.517074 0.5177079 0.518323 0.5186577 0.5190015 0.5193777 0.5197366 0.5202327 0.5216211 0.522782 0.522782 0.5233508 0.5237062 0.5237663 0.5241017 0.5244027 0.5243387 0.5242066 0.5240952 0.5237994 0.5237994 0.5232601 0.5225677 0.5217506 0.5207255 0.5200989 0.52227 0.5245926 0.5271314 0.5271314 0.5299859 0.5327799 0.535507 0.5381355 0.5407846 0.5435301 0.5459907
0.5648428 0.5649079 0.5642776 0.5636004 0.5628294 0.7489904 0.7481016 0.748753 0.7466708 0.7421421 0.7421421 0.7396398 0.5535159 0.5516713 0.5509294 0.5483652 0.5460374 0.5437517 0.5413318 0.538722 0.538722 0.5360988 0.533483 0.5313187 0.5281437 0.5252113 0.5227419 0.5201032 0.519589 0.5205142 0.5205142 0.5211852 0.5216378 0.521978 0.522433 0.5228592 0.5232065 0.5233986 0.5242703 0.5251552 0.5251552 0.5258383 0.5263541 0.5265688 0.5270073 0.5273767 0.527404 0.5274435 0.5272315 0.5267137 0.5267137 0.5262486 0.5255827 0.5246474 0.5236106 0.5224807 0.521405 0.5230341 0.5258415 0.5258415 0.5285743 0.5312874 0.5339687 0.53658 0.5392038 0.5418273 0.5442313
0.5678443 0.568029 0.5674327 0.5666128 0.5656304 0.564724 0.7520125 0.7523398 0.7498918 0.7455591 0.7455591 0.7426572 0.555486 0.5537002 0.5527065 0.5503756 0.5479045 0.545661 0.5432993 0.5407312 0.5407312 0.5378916 0.5351223 0.5326391 0.5296974 0.526507 0.523761 0.5210726 0.5224265 0.5234526 0.5234526 0.5242177 0.5247638 0.52508 0.5255808 0.5260061 0.5264232 0.5265404 0.5270212 0.5277175 0.5277175 0.5284371 0.5288686 0.5291188 0.5297018 0.5302466 0.5305355 0.5306587 0.5305257 0.5298698 0.5298698 0.5293113 0.528753 0.5277845 0.526544 0.525365 0.5242603 0.523041 0.5242519 0.5242519 0.5268981 0.5296869 0.5323662 0.5349163 0.5374149 0.5398581 0.5423785
0.5678443 0.568029 0.5674327 0.5666128 0.5656304 0.564724 0.7520125 0.7523398 0.7498918 0.7455591 0.7455591 0.7426572 0.555486 0.5537002 0.5527065 0.5503756 0.5479045 0.545661 0.5432993 0.5407312 0.5407312 0.5378916 0.5351223 0.5326391 0.5296974 0.526507 0.523761 0.5210726 0.5224265 0.5234526 0.5234526 0.5242177 0.5247638 0.52508 0.5255808 0.5260061 0.5264232 0.5265404 0.5270212 0.5277175 0.5277175 0.5284371 0.5288686 0.5291188 0.5297018 0.5302466 0.5305355 0.5306587 0.5305257 0.5298698 0.5298698 0.5293113 0.528753 0.5277845 0.526544 0.525365 0.5242603 0.523041 0.5242519 0.5242519 0.5268981 0.5296869 0.5323662 0.5349163 0.5374149 0.5398581 0.5423785
0.5706915 0.5712687 0.5706866 0.5699114 0.5687504 0.5677787 0.5664824 0.754091 0.7517061 0.5615327 0.5615327 0.5595307 0.5575322 0.5560393 0.5547608 0.5524672 0.5496898 0.5473875 0.5449663 0.5423719 0.5423719 0.5392244 0.5364922 0.5339746 0.5312184 0.5279782 0.5249835 0.5238857 0.5253 0.5263724 0.5263724 0.5270994 0.5280305 0.5282464 0.5287443 0.5292373 0.5296029 0.52983 0.5304249 0.5312527 0.5312527 0.5318325 0.5321128 0.5325489 0.5332267 0.5336149 0.5336879 0.5335091 0.5331404 0.5327089 0.5327089 0.5322058 0.5314898 0.5304896 0.5292203 0.5280886 0.5270827 0.5258045 0.524152 0.524152 0.5251846 0.5279875 0.5305712 0.5331212 0.5355404 0.5378432 0.5402547
0.5735093 0.5746957 0.5740533 0.57314 0.5719585 0.5705326 0.5686406 0.567121 0.5658233 0.5640001 0.5640001 0.5621034 0.5598547 0.5581171 0.556746 0.5544831 0.5515045 0.5488209 0.5462006 0.5435534 0.5435534 0.5404961 0.5380549 0.5353965 0.532548 0.5294856 0.5264627 0.526983 0.5284138 0.5295435 0.5295435 0.530194 0.5315031 0.532012 0.5323 0.5327482 0.5330155 0.5332158 0.5337606 0.5347463 0.5347463 0.5352908 0.5354878 0.5361083 0.5367436 0.5369517 0.5368813 0.5366811 0.5363323 0.535818 0.535818 0.5351188 0.5342876 0.5333495 0.5322006 0.5311399 0.530081 0.5286232 0.526888 0.526888 0.5252683 0.526181 0.5287151 0.5311292 0.5334843 0.5358171 0.538069
0.5764197 0.577651 0.5775009 0.5765125 0.5753021 0.5735861 0.5715897 0.5698984 0.5685048 0.5664432 0.5664432 0.5642611 0.5622303 0.5602484 0.5585904 0.5562398 0.5532876 0.5502822 0.5473465 0.5447025 0.5447025 0.5420779 0.5394623 0.5365417 0.5336422 0.5306686 0.5283694 0.529805 0.5312854 0.5326125 0.5326125 0.5331329 0.5341007 0.5356041 0.5357747 0.5360518 0.536325 0.5365949 0.5370508 0.5379813 0.5379813 0.5385809 0.5391085 0.5398592 0.5401847 0.5401717 0.5400664 0.5399764 0.5397488 0.5392058 0.5392058 0.5383728 0.5375223 0.5365357 0.5353965 0.534201 0.5329252 0.5313751 0.5295694 0.5295694 0.5278692 0.5261417 0.5267073 0.5291842 0.5314792 0.5336828 0.5355806
0.5764197 0.577651 0.5775009 0.5765125 0.5753021 0.5735861 0.5715897 0.5698984 0.5685048 0.5664432 0.5664432 0.5642611 0.5622303 0.5602484 0.5585904 0.5562398 0.5532876 0.5502822 0.5473465 0.5447025 0.5447025 0.5420779 0.5394623 0.5365417 0.5336422 0.5306686 0.5283694 0.529805 0.5312854 0.5326125 0.5326125 0.5331329 0.5341007 0.5356041 0.5357747 0.5360518 0.536325 0.5365949 0.5370508 0.5379813 0.5379813 0.5385809 0.5391085 0.5398592 0.5401847 0.5401717 0.5400664 0.5399764 0.5397488 0.5392058 0.5392058 0.5383728 0.5375223 0.5365357 0.5353965 0.534201 0.5329252 0.5313751 0.5295694 0.5295694 0.5278692 0.5261417 0.5267073 0.5291842 0.5314792 0.5336828 0.5355806
0.5790094 0.5803794 0.5807847 0.5800684 0.5790159 0.577439 0.5752976 0.572883 0.5708506 0.5688223 0.5688223 0.5668054 0.5648146 0.5624942 0.5603165 0.5577461 0.5548172 0.5518636 0.548895 0.5460593 0.5460593 0.5433986 0.5404899 0.5375228 0.5346535 0.5316975 0.5311369 0.5325121 0.5339258 0.5354041 0.5354041 0.5362682 0.5368357 0.5381734 0.5389156 0.539354 0.5397174 0.5399228 0.5402769 0.5412729 0.5412729 0.5420315 0.5426313 0.5431858 0.5434911 0.5434675 0.5434448 0.5432155 0.5429012 0.542361 0.542361 0.5414331 0.7207413 0.7194182 0.7177709 0.7158527 0.7138432 0.7118208 0.709496 0.709496 0.5303449 0.5284915 0.5264587 0.5268636 0.5293391 0.5312662 0.5331818
0.5814307 0.583166 0.5840802 0.5834125 0.5822988 0.5807105 0.5785787 0.576002 0.5735226 0.5714029 0.5714029 0.5691153 0.566715 0.5642897 0.561843 0.5591652 0.5562174 0.5532334 0.5502281 0.5471873 0.5471873 0.5443181 0.5413739 0.5384697 0.5355394 0.5325208 0.5339206 0.5352836 0.5365309 0.5379524 0.5379524 0.5389906 0.5395857 0.5410461 0.5422177 0.5427849 0.5430362 0.5431966 0.5434241 0.5444382 0.5444382 0.545328 0.5458151 0.5462303 0.5465339 0.546747 0.5466906 0.5463233 0.5458918 0.5453144 0.5453144 0.7257724 0.7240978 0.7222248 0.720422 0.7186906 0.7167537 0.7146035 0.7122633 0.7122633 0.7099077 0.7076006 0.5286901 0.5265806 0.5270692 0.5287869 0.5304995
0.5814307 0.583166 0.5840802 0.5834125 0.5822988 0.5807105 0.5785787 0.576002 0.5735226 0.5714029 0.5714029 0.5691153 0.566715 0.5642897 0.561843 0.5591652 0.5562174 0.5532334 0.5502281 0.5471873 0.5471873 0.5443181 0.5413739 0.5384697 0.5355394 0.5325208 0.5339206 0.5352836 0.5365309 0.5379524 0.5379524 0.5389906 0.5395857 0.5410461 0.5422177 0.5427849 0.5430362 0.5431966 0.5434241 0.5444382 0.5444382 0.545328 0.5458151 0.5462303 0.5465339 0.546747 0.5466906 0.5463233 0.5458918 0.5453144 0.5453144 0.7257724 0.7240978 0.7222248 0.720422 0.7186906 0.7167537 0.7146035 0.7122633 0.7122633 0.7099077 0.7076006 0.5286901 0.5265806 0.5270692 0.5287869 0.5304995
0.5841078 0.5858211 0.5870907 0.5867623 0.5854202 0.5836765 0.5816275 0.5792567 0.5765984 0.5738744 0.5738744 0.5711319 0.5686172 0.5660498 -9999 0.56039 0.5573807 0.5542846 0.5511841 0.5480335 0.5480335 0.5450691 0.5420274 0.5390663 0.5361042 0.5348817 0.5366104 0.5381504 0.5394344 0.5405246 0.5405246 0.5415096 0.5426996 0.5442591 0.5454211 0.5459273 0.5461514 0.5464641 0.5466735 0.5474918 0.5474918 0.5484974 0.5488737 0.5492991 0.5496318 0.5498815 0.5497234 0.5493476 0.5488615 0.5481783 0.5481783 0.7295797 0.7277021 0.7257363 0.7238058 0.7217878 0.7196575 0.7173982 0.7149795 0.7149795 0.7126217 0.7106825 0.7080166 0.5285928 0.5270674 0.5262016 0.5281178
0.5868858 0.5888544 0.5900581 0.5899241 0.5886637 0.5866615 0.5843566 0.581748 0.5789337 0.5758646 0.5758646 0.572965 0.5702943 0.5673319 -9999 0.5612179 0.5582594 0.55515 0.5520303 0.54879 0.54879 0.5457121 0.5426131 0.5395736 0.5366054 0.5374172 0.5392413 0.5409507 0.5424299 0.5435885 0.5435885 0.5447006 0.5460334 0.5473891 0.5483639 0.5489617 0.5493097 0.5496221 0.5498186 0.5504615 0.5504615 0.5514024 0.5519929 0.5523291 0.5526711 0.553018 0.5527649 0.5522246 0.5516652 0.7345316 0.7345316 0.732971 0.7308532 0.7288033 0.7266606 0.7243928 0.7222018 0.7202207 0.7181492 0.7181492 0.7154282 0.7131146 0.7106723 0.7074863 0.529322 0.5260264 0.5259284
0.5894792 0.5921277 0.5933268 0.592503 0.5906677 0.5883375 0.5857265 0.5829411 0.580065 0.5769545 0.5769545 0.5739207 0.5709153 0.5679217 0.564797 0.5616057 0.5585604 0.5557145 0.5527477 0.5495144 0.5495144 0.5464039 0.5432218 0.5401284 0.5377892 0.5398048 0.5417191 0.543568 0.5450894 0.54649 0.54649 0.5479368 0.5492828 0.5504447 0.551265 0.5519766 0.5524404 0.5526515 0.5528873 0.5534918 0.5534918 0.5542594 0.5548807 0.5553635 0.5557608 0.5562835 0.5556632 0.5551607 0.7395171 0.7382937 0.7382937 0.7362185 0.7337495 0.7318897 0.7297794 0.7274332 0.7251066 0.7227315 0.7206181 0.7206181 0.7180144 0.7153254 0.7129284 0.7103968 0.5314198 0.5283077 0.5257471
0.5894792 0.5921277 0.5933268 0.592503 0.5906677 0.5883375 0.5857265 0.5829411 0.580065 0.5769545 0.5769545 0.5739207 0.5709153 0.5679217 0.564797 0.5616057 0.5585604 0.5557145 0.5527477 0.5495144 0.5495144 0.5464039 0.5432218 0.5401284 0.5377892 0.5398048 0.5417191 0.543568 0.5450894 0.54649 0.54649 0.5479368 0.5492828 0.5504447 0.551265 0.5519766 0.5524404 0.5526515 0.5528873 0.5534918 0.5534918 0.5542594 0.5548807 0.5553635 0.5557608 0.5562835 0.5556632 0.5551607 0.7395171 0.7382937 0.7382937 0.7362185 0.7337495 0.7318897 0.7297794 0.7274332 0.7251066 0.7227315 0.7206181 0.7206181 0.7180144 0.7153254 0.7129284 0.7103968 0.5314198 0.5283077 0.5257471
