denmarkbig2.asc
ncols         95
nrows         166
xllcorner     13057894.5309
yllcorner     -4170433.985
cellsize      82.948124210517
NODATA_value  -9999
[rows 60 to 89 of 166, columns 0 to 66 of 95]
0.5916312 0.595096 0.5966991 0.5951136 0.5923655 0.5895046 0.5866054 0.583586 0.5805318 0.5773954 0.5773954 0.5742376 0.5712309 0.5682477 0.5651541 0.5619663 0.5587319 0.5557845 0.5529642 0.549787 0.549787 0.5466812 0.5436032 0.540422 0.5401284 0.5422246 0.5441877 0.5460365 0.5476353 0.5492564 0.5492564 0.5508173 0.5521995 0.5533894 0.5541717 0.5549088 0.5554523 0.5556018 0.5557719 0.5562364 0.5562364 0.5571743 0.5578965 0.5584025 0.5589483 0.5592027 0.5586556 0.7442209 0.7433739 0.741949 0.741949 0.7399135 0.7379189 0.7364643 0.734549 0.7321668 0.7296543 0.7266407 0.7235121 0.7235121 0.7204766 0.717676 0.7152649 0.7131106 0.533323 0.5306598 0.5276463
0.5925609 -9999 -9999 0.5966254 0.5933442 0.5900351 0.5868713 0.5837187 0.5805943 0.5774963 0.5774963 0.5744154 0.5713573 0.5683712 0.5654088 0.5623306 0.5589523 0.5558068 0.5531088 0.5499285 0.5499285 0.5467143 0.5436212 0.5405378 0.5423777 0.5445349 0.5465416 0.5484083 0.550203 0.5519519 0.5519519 0.5536427 0.5551166 0.5563645 0.5572833 0.5579671 0.5585257 0.5587179 0.5586501 0.5587287 0.5587287 0.559979 0.5609207 0.5615815 0.5622113 0.5620128 0.7486775 0.7477835 0.7469152 0.7459037 0.7459037 0.7442774 0.7422315 0.7404699 0.7392579 0.7374675 0.7344458 0.7313217 0.7275863 0.7275863 0.7236241 0.7208843 0.7180454 0.7156428 0.7134093 0.5329777 0.5300039
0.5919579 0.5951573 0.5965173 0.5950651 0.5927347 0.5898898 0.5867708 0.583632 0.5804821 0.5773954 0.5773954 0.5743607 0.5713297 0.5683134 0.5653281 0.5621841 0.5588231 0.5557212 0.5528945 0.5497984 0.5497984 0.5466812 0.5436244 0.5423881 0.5445355 0.5466178 0.5487158 0.5508143 0.5527987 0.5546829 0.5546829 0.5564502 0.55794 0.5592752 0.5603812 0.561138 0.5616802 0.5619831 0.5619141 0.5618132 0.5618132 0.5629128 0.5639999 0.5648347 0.5652397 0.5647081 0.7521842 0.75166 0.7514331 0.7506419 0.7506419 0.7487047 0.7461925 0.7434828 0.7413167 0.7388054 0.7357133 0.7325528 0.7291722 0.7291722 0.7260618 0.7239866 0.7213961 0.7184137 0.7156916 0.5347298 0.5322838
0.5919579 0.5951573 0.5965173 0.5950651 0.5927347 0.5898898 0.5867708 0.583632 0.5804821 0.5773954 0.5773954 0.5743607 0.5713297 0.5683134 0.5653281 0.5621841 0.5588231 0.5557212 0.5528945 0.5497984 0.5497984 0.5466812 0.5436244 0.5423881 0.5445355 0.5466178 0.5487158 0.5508143 0.5527987 0.5546829 0.5546829 0.5564502 0.55794 0.5592752 0.5603812 0.561138 0.5616802 0.5619831 0.5619141 0.5618132 0.5618132 0.5629128 0.5639999 0.5648347 0.5652397 0.5647081 0.7521842 0.75166 0.7514331 0.7506419 0.7506419 0.7487047 0.7461925 0.7434828 0.7413167 0.7388054 0.7357133 0.7325528 0.7291722 0.7291722 0.7260618 0.7239866 0.7213961 0.7184137 0.7156916 0.5347298 0.5322838
0.5904998 0.5928164 0.593405 0.5925294 0.5908151 0.5886403 0.585982 0.5831078 0.5801861 0.5771722 0.5771722 0.5740386 0.570964 0.5678193 0.564694 0.5616236 0.5584463 0.555445 0.5525572 0.5495586 0.5495586 0.5465382 0.5434196 0.5442818 0.5466721 0.548921 0.5511085 0.5532981 0.5554289 0.5573847 0.5573847 0.5591878 0.5607609 0.5622131 0.5633975 0.5642517 0.5648141 0.5652277 0.5653952 0.5653043 0.5653043 0.565965 0.5670179 0.5678748 0.5681511 0.7567207 0.7562073 0.7564021 0.7559577 0.7543329 0.7543329 0.7521148 0.7495253 0.7466216 0.7438226 0.7412426 0.7383105 0.7351152 0.731949 0.731949 0.7290592 0.7269369 0.7242175 0.720903 0.5385776 0.5365493 0.534105
0.588172 0.5896088 0.5902107 0.5898121 0.5885352 0.5865157 0.5841011 0.5814877 0.5786513 0.5757442 0.5757442 0.5727931 0.5699065 0.5670238 0.5639277 0.5609292 0.5579671 0.5550374 0.5521605 0.5491376 0.5491376 0.5460993 0.5436589 0.5461503 0.5486295 0.5510873 0.5535269 0.5557512 0.5579407 0.5598825 0.5598825 0.5617839 0.5634475 0.5649306 0.5662494 0.5673044 0.5681102 0.5684614 0.5685902 0.5685256 0.5685256 0.5689209 0.5701054 0.5710152 0.5711684 0.7609158 0.7605812 0.7601888 0.7594181 0.7577927 0.7577927 0.7553477 0.752468 0.749573 0.7468904 0.7444072 0.7415603 0.7387584 0.7356105 0.7356105 0.7324937 0.7297276 -9999 -9999 -9999 -9999 0.5357093
0.5854015 0.5866375 0.587249 0.5871136 0.5858149 0.583998 0.5818434 0.5795105 0.5769123 0.5741752 0.5741752 0.5713882 0.5686314 0.5658118 0.5629079 0.56007 0.5573661 0.5543864 0.5512205 0.5481004 0.5481004 0.5451088 0.5451719 0.5479012 0.5504184 0.5528324 0.5552505 0.5575951 0.5598973 0.5620476 0.5620476 0.5640987 0.566005 0.5676649 0.5690448 0.570225 0.5711049 0.571689 0.5717912 0.5717912 0.5717912 0.5719432 0.5732132 0.5739589 0.5741808 0.765604 0.7654057 0.7645373 0.7634253 0.7614487 0.7614487 0.7590124 0.7561514 0.7531325 0.7502408 0.7474675 0.7447165 0.7416084 0.7382593 0.7382593 -9999 -9999 -9999 0.6 0.6 -9999 -9999
0.5854015 0.5866375 0.587249 0.5871136 0.5858149 0.583998 0.5818434 0.5795105 0.5769123 0.5741752 0.5741752 0.5713882 0.5686314 0.5658118 0.5629079 0.56007 0.5573661 0.5543864 0.5512205 0.5481004 0.5481004 0.5451088 0.5451719 0.5479012 0.5504184 0.5528324 0.5552505 0.5575951 0.5598973 0.5620476 0.5620476 0.5640987 0.566005 0.5676649 0.5690448 0.570225 0.5711049 0.571689 0.5717912 0.5717912 0.5717912 0.5719432 0.5732132 0.5739589 0.5741808 0.765604 0.7654057 0.7645373 0.7634253 0.7614487 0.7614487 0.7590124 0.7561514 0.7531325 0.7502408 0.7474675 0.7447165 0.7416084 0.7382593 0.7382593 -9999 -9999 -9999 0.6 0.6 -9999 -9999
0.582903 0.5838339 0.5841128 0.5838132 0.582854 0.5813802 0.5795411 0.5773723 0.5750375 0.5726783 0.5726783 0.5702063 0.5675477 0.5647537 0.5619493 0.5592234 0.5564183 0.553292 0.5502481 0.5472357 0.5472357 0.5441309 0.5463132 0.5491967 0.5519564 0.5545152 0.5569441 0.5593731 0.5618906 0.5642616 0.5642616 0.5664269 0.5684804 0.5703557 0.5718141 0.5731279 0.5741782 0.5747007 0.5749307 0.5748816 0.5748816 0.5745149 0.5757912 0.5767205 0.577397 0.770367 0.7699523 0.7689181 0.767478 0.7652212 0.7652212 0.7630346 0.7606354 0.7576127 0.7541348 0.7509107 0.7475889 0.7442077 -9999 -9999 -9999 -9999 -9999 -9999 -9999 -9999 -9999
0.5799537 0.5805912 0.5808337 0.5806704 0.5799674 0.5788054 0.5772985 0.5754008 0.5732825 0.5711244 0.5711244 0.5686999 0.5660256 0.5632774 0.5605897 0.5579135 0.5550313 0.5520568 0.5491674 0.5462504 0.5462504 0.5450416 0.5477252 0.5505086 0.5533024 0.5559946 0.558672 0.5613621 0.5639052 0.5662924 0.5662924 0.568597 0.5707401 0.5728295 0.5745743 0.5759563 0.5772036 0.5778799 0.5780263 0.577935 0.577935 0.5775419 0.5785675 0.5798243 0.5807444 0.5810995 0.774433 0.7730976 0.7712735 0.7689723 0.7689723 0.7667504 0.7642502 0.7611959 0.75786 0.5655266 0.562917 0.5606906 -9999 -9999 -9999 -9999 -9999 -9999 -9999 -9999 -9999
0.5769507 0.5774773 0.5778084 0.577774 0.5771357 0.5761136 0.5746576 0.5729007 0.5710424 0.5689701 0.5689701 0.5666156 0.5641564 0.5615635 0.5589095 0.5563138 0.5536002 0.5507259 0.5479932 0.5451786 0.5451786 0.5463787 0.5491833 0.5519589 0.5548292 0.5576949 0.5605299 0.5633259 0.5659326 0.5683511 0.5683511 0.5707855 0.5731002 0.5751891 0.5771167 0.5787261 0.5801759 0.5809445 0.5810995 0.5808684 0.5808684 0.5805014 0.5813583 0.5829848 0.5838945 0.5842267 0.5839792 0.777202 0.7750696 0.7724218 0.7724218 0.76976 0.7665837 0.7636454 -9999 -9999 -9999 -9999 -9999 -9999 -9999 -9999 -9999 -9999 -9999 -9999 -9999
0.5769507 0.5774773 0.5778084 0.577774 0.5771357 0.5761136 0.5746576 0.5729007 0.5710424 0.5689701 0.5689701 0.5666156 0.5641564 0.5615635 0.5589095 0.5563138 0.5536002 0.5507259 0.5479932 0.5451786 0.5451786 0.5463787 0.5491833 0.5519589 0.5548292 0.5576949 0.5605299 0.5633259 0.5659326 0.5683511 0.5683511 0.5707855 0.5731002 0.5751891 0.5771167 0.5787261 0.5801759 0.5809445 0.5810995 0.5808684 0.5808684 0.5805014 0.5813583 0.5829848 0.5838945 0.5842267 0.5839792 0.777202 0.7750696 0.7724218 0.7724218 0.76976 0.7665837 0.7636454 -9999 -9999 -9999 -9999 -9999 -9999 -9999 -9999 -9999 -9999 -9999 -9999 -9999
0.5739185 0.5745022 0.574818 0.5746845 0.5741297 0.5731444 0.5718604 0.5702531 0.5685201 0.5666156 0.5666156 0.5645273 0.5623341 0.5599146 0.557336 0.5547279 0.5521373 0.5493881 0.5467588 0.544556 0.544556 0.5475217 0.5504767 0.5534199 0.5564244 0.559405 0.5621986 0.5649855 0.56784 0.5704149 0.5704149 0.5727689 0.5751488 0.5773983 0.5794946 0.5814285 0.5830627 0.5839046 0.5840964 0.5840062 0.5840062 0.5837371 0.5841483 0.5858715 0.5867784 0.587249 0.5867839 0.7809615 0.7786672 0.7756788 0.7756788 -9999 -9999 -9999 -9999 0.6 -9999 -9999 -9999 -9999 -9999 -9999 -9999 -9999 -9999 -9999 -9999
0.5709276 0.5715357 0.5716485 0.5713719 0.5707992 0.5698882 0.5687672 0.5673268 0.565676 0.563991 0.563991 0.5620983 0.5599852 0.557766 0.5554219 0.5528911 0.5502975 0.5477763 0.5452726 0.5453211 0.5453211 0.5484411 0.5513523 0.554277 0.5573418 0.5603575 0.5633276 0.5662858 0.5691454 0.5716905 0.5716905 0.5741686 0.5768014 0.5793825 0.5818687 0.5841526 0.5859735 0.5868887 0.5871236 0.5872117 0.5872117 0.5867811 0.5863129 0.5883591 0.5896789 0.5904137 0.5899094 0.5884408 0.7815773 0.7782525 0.7782525 -9999 0.6 -9999 -9999 -9999 -9999 -9999 -9999 -9999 -9999 -9999 -9999 -9999 -9999 -9999 -9999
0.5709276 0.5715357 0.5716485 0.5713719 0.5707992 0.5698882 0.5687672 0.5673268 0.565676 0.563991 0.563991 0.5620983 0.5599852 0.557766 0.5554219 0.5528911 0.5502975 0.5477763 0.5452726 0.5453211 0.5453211 0.5484411 0.5513523 0.554277 0.5573418 0.5603575 0.5633276 0.5662858 0.5691454 0.5716905 0.5716905 0.5741686 0.5768014 0.5793825 0.5818687 0.5841526 0.5859735 0.5868887 0.5871236 0.5872117 0.5872117 0.5867811 0.5863129 0.5883591 0.5896789 0.5904137 0.5899094 0.5884408 0.7815773 0.7782525 0.7782525 -9999 0.6 -9999 -9999 -9999 -9999 -9999 -9999 -9999 -9999 -9999 -9999 -9999 -9999 -9999 -9999
0.5679126 0.5682338 0.5682707 0.568004 0.5674057 0.5665158 0.5654414 0.5641348 0.5626675 0.5611532 0.5611532 0.5594647 0.5574746 0.5553703 0.5532104 0.5506611 0.5479556 0.545436 0.5431154 0.5458079 0.5458079 0.7321103 0.7359843 0.7400714 0.7442096 0.5611424 0.5641552 0.5672455 0.5701894 0.5728581 0.5728581 0.5757624 0.5786076 0.5814277 0.5842276 0.5865998 0.5886123 0.59 0.5902451 0.5903981 0.5903981 0.5898449 0.5882142 0.5904247 0.5921606 0.592911 0.5923338 0.5905138 0.5879785 0.5860242 0.5860242 -9999 -9999 -9999 -9999 -9999 -9999 -9999 -9999 -9999 -9999 -9999 -9999 -9999 -9999 -9999 -9999
0.5647044 0.5649628 0.565021 0.5648566 0.5643139 0.5635169 0.5625165 0.561245 0.5598307 0.5583525 0.5583525 0.5568209 0.5550048 0.5529549 0.5508344 0.5481976 0.5456476 0.5432064 0.5423316 0.7276298 0.7276298 0.7319857 0.7360287 0.7402142 0.7446199 0.5617903 0.5650442 0.5679786 0.5708645 0.5737803 0.5737803 0.5769087 0.5798359 0.5828906 0.585959 0.5886499 0.5910225 0.5929612 0.5934106 0.5935004 0.5935004 0.5927995 0.5908954 0.5925151 -9999 0.5961179 0.5948559 0.592243 0.5904241 -9999 -9999 -9999 -9999 -9999 -9999 -9999 -9999 -9999 -9999 -9999 -9999 -9999 -9999 -9999 -9999 -9999 -9999
0.5613903 0.5616759 0.5617205 0.5614735 0.5608621 0.5601569 0.5593097 0.5582664 0.5569789 0.5555613 0.5555613 0.5540134 0.5523318 0.5503153 0.5478997 0.5453256 0.724277 0.7212693 0.7228298 0.7272075 0.7272075 0.7316434 0.7357574 0.7398002 0.7440464 0.748546 0.5648983 0.5683365 0.5714674 0.5743853 0.5743853 0.5774578 0.5805018 0.583609 0.5869287 0.5899957 0.5927638 0.5954202 0.5965841 0.596494 0.596494 0.5952593 0.5927458 0.593565 -9999 -9999 0.5963653 0.5949947 -9999 -9999 -9999 -9999 -9999 -9999 -9999 -9999 -9999 -9999 -9999 -9999 -9999 -9999 -9999 -9999 -9999 -9999 -9999
0.5613903 0.5616759 0.5617205 0.5614735 0.5608621 0.5601569 0.5593097 0.5582664 0.5569789 0.5555613 0.5555613 0.5540134 0.5523318 0.5503153 0.5478997 0.5453256 0.724277 0.7212693 0.7228298 0.7272075 0.7272075 0.7316434 0.7357574 0.7398002 0.7440464 0.748546 0.5648983 0.5683365 0.5714674 0.5743853 0.5743853 0.5774578 0.5805018 0.583609 0.5869287 0.5899957 0.5927638 0.5954202 0.5965841 0.596494 0.596494 0.5952593 0.5927458 0.593565 -9999 -9999 0.5963653 0.5949947 -9999 -9999 -9999 -9999 -9999 -9999 -9999 -9999 -9999 -9999 -9999 -9999 -9999 -9999 -9999 -9999 -9999 -9999 -9999
0.7438489 0.5582825 0.5584021 0.5580003 0.5571816 0.5407625 0.4987596 0.4715318 0.4614028 0.469387 0.469387 0.4943734 0.4667438 0.4560502 0.4540355 0.4521483 0.6007277 0.61057 0.6484038 0.7062894 0.7062894 0.7314789 0.7359399 0.7400725 0.744096 0.7482847 0.7524753 0.5675828 0.570676 0.5735883 0.5735883 0.5765681 0.5798799 0.5833114 0.5867918 0.5902494 0.5935416 -9999 -9999 -9999 -9999 -9999 0.5935689 0.5929468 0.5954359 -9999 -9999 -9999 -9999 -9999 -9999 -9999 -9999 -9999 -9999 -9999 -9999 -9999 -9999 -9999 -9999 -9999 -9999 -9999 -9999 -9999 -9999
0.7388623 0.7396006 0.7397519 0.554406 0.5221121 0.4611492 0.4120157 0.3791606 0.3669341 0.3772366 0.3772366 0.4080055 0.3749365 0.3625403 0.3613797 0.360253 0.4788329 0.4940708 0.5389484 0.6060185 0.6060185 0.6567271 0.7153085 0.7401552 0.7441607 0.748411 0.7525795 0.7566432 0.760689 0.5735692 0.5735692 0.5765936 0.579681 0.5828866 0.5860479 0.5894619 0.5930562 -9999 -9999 -9999 -9999 -9999 0.593698 0.5909992 0.592878 0.5954418 -9999 -9999 -9999 -9999 -9999 -9999 -9999 -9999 -9999 -9999 -9999 -9999 -9999 -9999 -9999 -9999 -9999 -9999 -9999 -9999 -9999
0.6116478 0.6247408 0.6599893 0.7140967 0.6119268 0.5189567 0.4404364 0.3854973 0.3648353 0.3836335 0.3836335 0.4362494 0.2860463 0.2704471 0.2697311 0.2691374 0.3579062 0.3792425 0.4348042 0.4998472 0.4998472 0.5451627 0.612901 0.6971902 0.7433496 0.7473991 0.7517725 0.7563701 0.7608764 0.573831 0.573831 0.5767455 0.5795155 0.5824922 0.5855023 0.5885058 0.5915841 0.594526 -9999 0.5965657 0.5965657 0.5954438 0.5928346 0.589927 0.5911348 0.5928173 -9999 -9999 -9999 -9999 -9999 -9999 -9999 -9999 -9999 -9999 -9999 -9999 -9999 -9999 -9999 -9999 -9999 -9999 -9999 -9999 -9999
0.6116478 0.6247408 0.6599893 0.7140967 0.6119268 0.5189567 0.4404364 0.3854973 0.3648353 0.3836335 0.3836335 0.4362494 0.2860463 0.2704471 0.2697311 0.2691374 0.3579062 0.3792425 0.4348042 0.4998472 0.4998472 0.5451627 0.612901 0.6971902 0.7433496 0.7473991 0.7517725 0.7563701 0.7608764 0.573831 0.573831 0.5767455 0.5795155 0.5824922 0.5855023 0.5885058 0.5915841 0.594526 -9999 0.5965657 0.5965657 0.5954438 0.5928346 0.589927 0.5911348 0.5928173 -9999 -9999 -9999 -9999 -9999 -9999 -9999 -9999 -9999 -9999 -9999 -9999 -9999 -9999 -9999 -9999 -9999 -9999 -9999 -9999 -9999
0.4864413 0.5021467 0.5450299 0.6091437 0.5444112 0.4384582 0.343405 0.2709863 0.2419095 0.2699124 0.2699124 0.3406352 0.2685143 0.2394307 0.2388339 0.238265 0.2382516 0.2679072 0.3406512 0.3826863 0.3826863 0.4384237 0.518497 0.6143655 0.7203417 0.7451185 0.749325 0.753878 0.7584522 0.5721906 0.5721906 0.5752653 0.5781797 0.5810882 0.5839491 0.5868285 0.5893352 0.5914949 0.5926422 0.5929307 0.5929307 0.5925937 0.590968 0.5886471 0.5886762 0.589964 -9999 -9999 -9999 -9999 -9999 -9999 -9999 -9999 -9999 -9999 -9999 -9999 -9999 -9999 -9999 -9999 -9999 -9999 -9999 -9999 -9999
0.3623282 0.382514 0.436644 0.5138801 0.4988594 0.3821253 0.2698101 0.1703713 0.1203228 0.1699355 0.1699355 0.268101 0.1690361 0.1191843 0.1188284 0.1184747 0.1189077 0.1690992 0.2403858 0.2700186 0.2700186 0.3432204 0.4400344 0.549103 0.6650585 0.7449191 0.7484972 0.7519808 0.7555783 0.7596716 0.7596716 0.7638631 0.5758983 0.5787683 0.5814208 0.5843297 0.5867198 0.5884343 0.5894122 0.5895075 0.5895075 0.5893755 0.5884392 0.5866317 0.5859306 0.5869855 -9999 0.6 -9999 -9999 -9999 -9999 -9999 -9999 -9999 -9999 -9999 -9999 -9999 -9999 -9999 -9999 -9999 -9999 -9999 -9999 -9999
0.2399626 0.2685088 0.3398663 0.4332454 0.4802893 0.3600571 0.2398829 0.1197468 -0 0.119333 0.119333 0.2383366 0.1189183 -0 -0 -0 -0 0.1195413 0.1202923 0.1711063 0.1711063 0.2720855 0.3869306 0.5073398 0.6309949 0.7464403 0.7500942 0.7536035 0.7568308 0.7600012 0.7600012 0.7634735 0.7671455 0.7708854 0.7740272 0.7767057 0.7792459 0.7810249 0.78197 0.5865187 0.5865187 0.5862529 0.5854849 0.5839718 0.5829243 0.5839384 -9999 0.6 -9999 -9999 -9999 -9999 -9999 -9999 -9999 -9999 -9999 -9999 -9999 -9999 -9999 -9999 -9999 -9999 -9999 -9999 -9999
0.2399626 0.2685088 0.3398663 0.4332454 0.4802893 0.3600571 0.2398829 0.1197468 -0 0.119333 0.119333 0.2383366 0.1189183 -0 -0 -0 -0 0.1195413 0.1202923 0.1711063 0.1711063 0.2720855 0.3869306 0.5073398 0.6309949 0.7464403 0.7500942 0.7536035 0.7568308 0.7600012 0.7600012 0.7634735 0.7671455 0.7708854 0.7740272 0.7767057 0.7792459 0.7810249 0.78197 0.5865187 0.5865187 0.5862529 0.5854849 0.5839718 0.5829243 0.5839384 -9999 0.6 -9999 -9999 -9999 -9999 -9999 -9999 -9999 -9999 -9999 -9999 -9999 -9999 -9999 -9999 -9999 -9999 -9999 -9999 -9999
0.1194198 0.1687964 0.266547 0.336825 0.3766213 0.3577732 0.266822 0.1685434 0.1188607 0.1676413 0.1676413 0.2649435 0.1674846 0.1182652 0.1179829 -0 -0 -0 -0 0.1208661 0.1208661 0.2429578 0.3663459 0.4911378 0.6172674 0.7446924 0.7485747 0.7524438 0.7563422 0.7602301 0.7602301 0.7631084 0.7659554 0.7688038 0.7714883 0.7736677 0.7758684 0.777608 0.7780801 0.5835799 0.5835799 0.5834256 0.5827266 0.5812362 0.5797007 0.5808861 -9999 0.6 0.6 -9999 -9999 -9999 -9999 -9999 -9999 -9999 -9999 -9999 -9999 -9999 -9999 -9999 -9999 -9999 -9999 -9999 -9999
-0 0.1186023 0.167385 0.2645152 0.2648418 0.2371637 0.2652305 0.2651334 0.2368888 0.2643094 0.2643094 0.2361107 0.2636511 0.2352812 0.1658638 0.1178597 0.1184851 0.1191126 0.1197833 0.1703162 0.1703162 0.2707063 0.384958 0.5047591 0.6275011 0.7420106 0.745488 0.7488 0.7515324 0.7542647 0.7542647 0.7575558 0.7611763 0.7644322 0.7676198 0.7703635 0.7721778 0.7736832 0.7740091 0.5805523 0.5805523 0.5806228 0.5799801 0.578558 0.5768678 0.577558 -9999 0.6 0.6 -9999 -9999 -9999 -9999 -9999 -9999 -9999 -9999 -9999 -9999 -9999 -9999 -9999 -9999 -9999 -9999 -9999 -9999
-0 0.1186023 0.167385 0.2645152 0.2648418 0.2371637 0.2652305 0.2651334 0.2368888 0.2643094 0.2643094 0.2361107 0.2636511 0.2352812 0.1658638 0.1178597 0.1184851 0.1191126 0.1197833 0.1703162 0.1703162 0.2707063 0.384958 0.5047591 0.6275011 0.7420106 0.745488 0.7488 0.7515324 0.7542647 0.7542647 0.7575558 0.7611763 0.7644322 0.7676198 0.7703635 0.7721778 0.7736832 0.7740091 0.5805523 0.5805523 0.5806228 0.5799801 0.578558 0.5768678 0.577558 -9999 0.6 0.6 -9999 -9999 -9999 -9999 -9999 -9999 -9999 -9999 -9999 -9999 -9999 -9999 -9999 -9999 -9999 -9999 -9999 -9999
