denmarkbig2.asc
ncols         95
nrows         166
xllcorner     13057894.5309
yllcorner     -4170433.985
cellsize      82.948124210517
NODATA_value  -9999
[rows 0 to 29 of 166, columns 0 to 66 of 95]
0.6108679 0.6110116 0.6111288 0.6113265 0.611579 0.6116297 0.6115136 0.6113294 0.6107202 0.610124 0.610124 0.6093159 0.608197 0.6073947 0.6065724 0.6055895 0.6043749 0.6035377 0.6022057 0.6008507 0.6008507 0.5993894 0.5976784 0.600374 0.6045752 0.6084781 0.6124246 0.6165204 0.6205741 0.6245245 0.6245245 0.6283464 0.6324683 0.6363249 0.6401894 0.6441205 0.6481584 -9999 0.6553163 0.6587244 0.6587244 0.6621845 0.6657155 0.669484 0.6733589 0.6769162 0.6801855 0.6832573 0.6864704 0.6904478 0.6904478 0.6945839 0.6980661 0.7017334 0.7064422 0.7111803 0.7153473 0.71978 0.7242986 0.7242986 0.7283171 0.7317454 0.7352651 0.7392167 0.7437798 0.746842 0.7495983
0.614255 0.6143537 0.6147957 0.6153144 0.6156595 0.6157078 0.6155947 0.6154755 0.6150509 0.6142379 0.6142379 0.6133462 0.6127372 0.6120202 0.6109082 0.609733 0.6082132 0.606866 0.6055385 0.6040984 0.6040984 0.60253 0.6008589 0.6007483 0.6050691 0.609466 0.6136075 0.6177369 0.621839 0.6257651 0.6257651 0.6298013 0.6338316 0.6376772 0.6415435 0.6455017 0.6493134 -9999 0.6562637 0.6599571 0.6599571 0.6637078 0.6674182 0.6711962 0.67494 0.6782838 0.6813647 0.6845424 0.6881174 0.6919978 0.6919978 0.6958385 0.7000144 0.7046258 0.7092066 0.7132044 0.7164118 0.7204624 0.7242059 0.7242059 0.7277262 0.7315462 0.7353314 0.7388774 0.7431318 0.7465066 0.7506379
0.614255 0.6143537 0.6147957 0.6153144 0.6156595 0.6157078 0.6155947 0.6154755 0.6150509 0.6142379 0.6142379 0.6133462 0.6127372 0.6120202 0.6109082 0.609733 0.6082132 0.606866 0.6055385 0.6040984 0.6040984 0.60253 0.6008589 0.6007483 0.6050691 0.609466 0.6136075 0.6177369 0.621839 0.6257651 0.6257651 0.6298013 0.6338316 0.6376772 0.6415435 0.6455017 0.6493134 -9999 0.6562637 0.6599571 0.6599571 0.6637078 0.6674182 0.6711962 0.67494 0.6782838 0.6813647 0.6845424 0.6881174 0.6919978 0.6919978 0.6958385 0.7000144 0.7046258 0.7092066 0.7132044 0.7164118 0.7204624 0.7242059 0.7242059 0.7277262 0.7315462 0.7353314 0.7388774 0.7431318 0.7465066 0.7506379
0.618778 0.6188416 0.6189901 0.6192914 0.6194837 0.6196236 0.6197063 0.6195219 0.6190863 0.6184398 0.6184398 0.6178746 0.6169015 0.6156847 0.6144801 0.613196 0.6117117 0.6101757 0.6088113 0.6075507 0.6075507 0.606039 0.6043346 0.6026499 0.6057479 0.6102681 0.6145568 0.6187956 0.6229997 0.6270028 0.6270028 0.6310536 0.6348544 0.6387294 0.6426696 0.6464893 0.6503571 0.6542344 0.6576834 0.6616774 0.6616774 0.6656629 0.6693865 0.6729925 0.6763796 0.6797621 0.6833532 0.6868612 0.6906624 0.6945986 0.6945986 0.6984274 0.7027851 0.7073736 0.7116126 0.7151458 0.7184548 0.7211974 0.7242116 0.7242116 0.7277045 0.7315448 0.7354506 0.7392744 0.743737 0.7476932 0.7522179
0.622564 0.6226994 0.6227124 0.6228846 0.6229162 0.6230462 0.6234715 0.6235567 0.6232434 0.6225615 0.6225615 0.6214497 0.6203301 0.6190819 0.6178219 0.6165835 0.6153064 0.6139572 0.6123784 0.6106354 0.6106354 0.6092846 0.6081437 0.6068685 0.6070341 0.6110126 0.6151391 0.6194376 0.6237846 0.6278926 0.6278926 0.6318626 0.6357558 0.6399771 0.644033 0.647757 0.6517565 0.6555795 0.6588689 0.6629944 0.6629944 0.667136 0.6706912 0.6744094 0.6780444 0.6818104 0.6857613 0.6894956 0.693614 0.6978269 0.6978269 0.7017893 0.7058766 0.7099097 0.7137028 0.716746 0.7193189 0.7222691 0.7264284 0.7264284 0.7302183 0.7333822 0.7367995 0.7403016 0.7442846 0.7480998 0.752506
0.6262345 0.6260502 0.6260946 0.6264985 0.6264319 0.6262281 0.6267409 0.6271024 0.6270312 0.6264251 0.6264251 0.62523 0.6238607 0.6218146 0.6203108 0.6193054 0.6185181 0.6175553 0.6160337 0.6143236 0.6143236 0.6129963 0.6117113 0.6105881 0.6092501 0.6120539 0.6156453 0.619599 0.6240849 0.6283322 0.6283322 0.6324902 0.636758 0.641053 0.6449219 0.6486428 0.6524694 0.6559278 0.6595111 0.6640281 0.6640281 0.6682605 0.6719236 0.6757745 0.6798404 0.6841651 0.6885118 0.6923894 0.6966726 0.7007725 0.7007725 0.7041987 0.7077367 0.711206 0.7144219 0.7172773 0.7201157 0.724398 0.7289517 0.7289517 0.7326146 0.7363923 0.7398658 0.7430575 0.7459977 0.7482277 0.7525122
0.6262345 0.6260502 0.6260946 0.6264985 0.6264319 0.6262281 0.6267409 0.6271024 0.6270312 0.6264251 0.6264251 0.62523 0.6238607 0.6218146 0.6203108 0.6193054 0.6185181 0.6175553 0.6160337 0.6143236 0.6143236 0.6129963 0.6117113 0.6105881 0.6092501 0.6120539 0.6156453 0.619599 0.6240849 0.6283322 0.6283322 0.6324902 0.636758 0.641053 0.6449219 0.6486428 0.6524694 0.6559278 0.6595111 0.6640281 0.6640281 0.6682605 0.6719236 0.6757745 0.6798404 0.6841651 0.6885118 0.6923894 0.6966726 0.7007725 0.7007725 0.7041987 0.7077367 0.711206 0.7144219 0.7172773 0.7201157 0.724398 0.7289517 0.7289517 0.7326146 0.7363923 0.7398658 0.7430575 0.7459977 0.7482277 0.7525122
0.6317008 0.6316249 0.6309361 0.6310557 0.6310386 0.630734 0.6306401 0.6307671 0.6310527 0.6305572 0.6305572 0.628949 0.6270574 0.6252369 0.6245906 0.6236764 0.6225954 0.6211894 0.6197256 0.6186976 0.6186976 0.6172955 0.6155138 0.6137713 0.612467 0.6128458 0.6168735 0.6206667 0.6249419 0.6295507 0.6295507 0.6337644 0.6377518 0.641602 0.6452134 0.6488845 0.6527826 0.6565075 0.6608248 0.6653904 0.6653904 0.6694673 0.673309 0.6771106 0.6814465 0.6862569 0.6902219 0.6935265 0.697281 0.701087 0.701087 0.7046102 0.708279 0.7118372 0.7154646 0.7190552 0.722384 0.7270898 0.7313779 0.7313779 0.734885 0.7386255 0.7425133 0.7461193 0.7493612 0.7518139 0.7547053
0.6368552 0.6366807 0.6355491 0.6354221 0.635473 0.6355731 0.6351458 0.6347828 0.6351891 0.6345041 0.6345041 0.6325205 0.630496 0.6298459 0.6297957 0.6289461 0.6276188 0.6261151 0.624782 0.6230966 0.6230966 0.6213921 0.6200866 0.6178665 0.6159252 0.6147621 0.6183527 0.6220903 0.6255735 0.6303476 0.6303476 0.6345859 0.6382639 0.6420502 0.6457507 0.6496077 0.6537373 0.6578905 0.6624147 0.6665729 0.6665729 0.6701567 0.6741428 0.6785902 0.6832919 0.687313 0.6907582 0.6941174 0.6974511 0.7015885 0.7015885 0.7056785 0.7095389 0.7131298 0.7169772 0.7207249 0.7242276 0.7291481 0.7330527 0.7330527 0.7360174 0.7394359 0.7440738 0.7485062 0.7518548 0.754784 0.7578156
0.6410751 0.6405557 0.6397216 0.6395095 0.6395169 0.6396624 0.6392419 0.6390786 0.6394881 0.6386167 0.6386167 0.6365499 0.6346933 0.6345055 0.6346363 0.6340417 0.6325842 0.6308598 0.6293485 0.6269853 0.6269853 0.6252849 0.6238602 0.6218402 0.6196156 0.6181582 0.6188684 0.6222988 0.6254557 0.6293238 0.6293238 0.6339455 0.6383849 0.6427689 0.646647 0.650484 0.6544854 0.6586808 0.6630112 0.6670974 0.6670974 0.6711378 0.6760048 0.6805994 0.6843934 0.6879538 0.6916147 0.6952167 0.6987661 0.7027501 0.7027501 0.7068948 0.7108018 0.7146226 0.7184814 0.7220223 0.7258158 0.7305486 0.7344005 0.7344005 0.7376045 0.7411265 0.7449017 0.7499387 0.7535423 0.7567942 0.7600821
0.6410751 0.6405557 0.6397216 0.6395095 0.6395169 0.6396624 0.6392419 0.6390786 0.6394881 0.6386167 0.6386167 0.6365499 0.6346933 0.6345055 0.6346363 0.6340417 0.6325842 0.6308598 0.6293485 0.6269853 0.6269853 0.6252849 0.6238602 0.6218402 0.6196156 0.6181582 0.6188684 0.6222988 0.6254557 0.6293238 0.6293238 0.6339455 0.6383849 0.6427689 0.646647 0.650484 0.6544854 0.6586808 0.6630112 0.6670974 0.6670974 0.6711378 0.6760048 0.6805994 0.6843934 0.6879538 0.6916147 0.6952167 0.6987661 0.7027501 0.7027501 0.7068948 0.7108018 0.7146226 0.7184814 0.7220223 0.7258158 0.7305486 0.7344005 0.7344005 0.7376045 0.7411265 0.7449017 0.7499387 0.7535423 0.7567942 0.7600821
0.6453193 0.6443807 0.6438941 0.6436945 0.643302 0.6435202 0.6435797 0.6436077 0.6437112 0.6427705 0.6427705 0.6408434 0.6391146 0.6385836 0.6383256 0.6373951 0.6361598 0.635004 0.6333162 0.6308402 0.6308402 0.6288677 0.6276109 0.6252713 0.6231369 0.6222267 0.620243 0.6227798 0.6267109 0.6297021 0.6297021 0.6340975 0.639002 0.6434816 0.6473633 0.6511869 0.6552398 0.6595852 0.6639043 0.6683875 0.6683875 0.6731766 0.6767056 0.6802431 0.6842294 0.6882108 0.6921817 0.6963478 0.7005169 0.7042471 0.7042471 0.7081493 0.712118 0.7158702 0.7195657 0.7233096 0.7277163 0.732192 0.7364257 0.7364257 0.7404743 0.7444039 0.7467218 0.7512583 0.7554246 0.7592716 0.7627833
0.64684 0.6465008 0.647344 0.6478928 0.6473932 0.6476716 0.6479133 0.6480163 0.6479791 0.6468084 0.6468084 0.6453305 0.643813 0.642819 0.6423208 0.6411675 0.6398221 0.638818 0.6376563 0.6353893 0.6353893 0.6329325 0.6306196 0.6284455 0.6272947 0.6262288 0.623632 0.6231678 0.6276291 0.6313351 0.6313351 0.6350194 0.6392328 0.6436352 0.6477437 0.6518391 0.6560247 0.6604536 0.6649372 0.6693487 0.6693487 0.6730232 0.6764698 0.6802751 0.683989 0.6877187 0.6919925 0.6967301 0.7011657 0.7050924 0.7050924 0.7091808 0.7132119 0.7167234 0.7204233 0.7250383 0.7300074 0.7340571 0.7383255 0.7383255 0.7424713 0.7466235 0.7494376 0.7528462 0.7570167 0.7611731 0.7649583
0.6486784 0.6491774 0.650478 0.6513008 0.6515663 0.6521033 0.6523602 0.6523681 0.6521067 0.6508298 0.6508298 0.6496767 0.6485263 0.6473091 0.6461751 0.6448468 0.6437428 0.6424266 0.6410004 0.6393063 0.6393063 0.6366235 0.6343551 0.6322833 0.6307884 0.628989 0.6262437 0.6238369 0.6275094 0.6317235 0.6317235 0.6355851 0.6395515 0.6439888 0.6482832 0.652499 0.6566577 0.6612058 0.6660807 0.6690245 0.6690245 0.6723242 0.6764482 0.6804879 0.6843061 0.6880405 0.6923615 0.6969347 0.7013108 0.7054825 0.7054825 0.7096415 0.713583 0.7173887 0.7219311 0.7267476 0.7309376 0.7349432 0.7395524 0.7395524 0.7437921 0.7478658 0.7515097 0.7548587 0.7586467 0.7627705 0.7668707
0.6486784 0.6491774 0.650478 0.6513008 0.6515663 0.6521033 0.6523602 0.6523681 0.6521067 0.6508298 0.6508298 0.6496767 0.6485263 0.6473091 0.6461751 0.6448468 0.6437428 0.6424266 0.6410004 0.6393063 0.6393063 0.6366235 0.6343551 0.6322833 0.6307884 0.628989 0.6262437 0.6238369 0.6275094 0.6317235 0.6317235 0.6355851 0.6395515 0.6439888 0.6482832 0.652499 0.6566577 0.6612058 0.6660807 0.6690245 0.6690245 0.6723242 0.6764482 0.6804879 0.6843061 0.6880405 0.6923615 0.6969347 0.7013108 0.7054825 0.7054825 0.7096415 0.713583 0.7173887 0.7219311 0.7267476 0.7309376 0.7349432 0.7395524 0.7395524 0.7437921 0.7478658 0.7515097 0.7548587 0.7586467 0.7627705 0.7668707
0.6551226 0.6559829 0.6564497 0.6565015 0.6566451 0.6570356 0.6570279 0.6565421 0.6558212 0.6547363 0.6547363 0.6536614 0.652748 0.6517173 0.6502991 0.6489302 0.6477716 0.6464403 0.6449083 0.6433445 0.6433445 0.6405696 0.638361 0.6358645 0.6337003 0.6320325 0.62937 0.626884 0.6273754 0.6318676 0.6318676 0.6360962 0.64007 0.6444557 0.6490942 0.6534266 0.6576456 0.661847 0.6648865 0.6675172 0.6675172 0.6712676 0.6761181 0.6808342 0.6853504 0.6898129 0.6941571 0.6981094 0.7021752 0.7064016 0.7064016 0.7104378 0.7143065 0.7184191 0.7228752 0.7266929 0.730498 0.7351973 0.7401198 0.7401198 0.7445412 0.7487011 0.7528136 0.7566847 0.760385 0.7643437 0.7686465
0.6613504 0.6619568 0.6621521 0.6620072 0.6619383 0.6618228 0.6615173 0.6606719 0.6596134 0.6586664 0.6586664 0.6576868 0.6566474 0.6555572 0.6541623 0.6527834 0.651379 0.6497315 0.6481004 0.6465309 0.6465309 0.6441684 0.6417185 0.6392573 0.6370988 0.6353757 0.6322336 0.6300018 0.6283685 0.6319672 0.6319672 0.63619 0.6403055 0.6446764 0.649744 0.653915 0.6573232 0.660395 0.6634544 0.6671801 0.6671801 0.6720173 0.6772723 0.6823878 0.6871232 0.6913668 0.6953653 0.699486 0.7033983 0.707356 0.707356 0.7113173 0.715208 0.7193314 0.7235981 0.7274373 0.7321071 0.7369752 0.7410177 0.7410177 0.7450032 0.7492325 0.7535361 0.7576044 0.7615944 0.7655043 0.7695234
0.6655033 0.6663833 0.6666261 0.6663167 0.6660423 0.6659911 0.6655483 0.6646552 0.6637332 0.6627961 0.6627961 0.661518 0.6599656 0.6584779 0.656734 0.6552489 0.6543377 0.6532968 0.6519154 0.6502122 0.6502122 0.6480005 0.6457007 0.6432613 0.6404097 0.6374625 0.6347507 0.6336203 0.6319497 0.6322474 0.6322474 0.6367142 0.6408281 0.6445725 0.6492811 0.6534504 0.6568712 0.6603869 0.6645432 0.6691786 0.6691786 0.6740211 0.6788327 0.6825907 0.6862637 0.6904056 0.6945778 0.6992122 0.7039565 0.7081243 0.7081243 0.7120467 0.7159598 0.7202744 0.7245316 0.7281311 0.7323456 0.7370625 0.7414852 0.7414852 0.7454728 0.7495441 0.753527 0.7576174 0.7617997 0.7658427 0.7698208
0.6655033 0.6663833 0.6666261 0.6663167 0.6660423 0.6659911 0.6655483 0.6646552 0.6637332 0.6627961 0.6627961 0.661518 0.6599656 0.6584779 0.656734 0.6552489 0.6543377 0.6532968 0.6519154 0.6502122 0.6502122 0.6480005 0.6457007 0.6432613 0.6404097 0.6374625 0.6347507 0.6336203 0.6319497 0.6322474 0.6322474 0.6367142 0.6408281 0.6445725 0.6492811 0.6534504 0.6568712 0.6603869 0.6645432 0.6691786 0.6691786 0.6740211 0.6788327 0.6825907 0.6862637 0.6904056 0.6945778 0.6992122 0.7039565 0.7081243 0.7081243 0.7120467 0.7159598 0.7202744 0.7245316 0.7281311 0.7323456 0.7370625 0.7414852 0.7414852 0.7454728 0.7495441 0.753527 0.7576174 0.7617997 0.7658427 0.7698208
0.6684455 0.6694127 0.669451 0.6695951 0.6695793 0.6697816 0.6695724 0.6686075 0.6676875 0.6667368 0.6667368 0.6651477 0.663263 0.6617365 0.6603173 0.6594583 0.6586474 0.6574829 0.6559045 0.6540506 0.6540506 0.6519172 0.6497532 0.6473904 0.6446053 0.641709 0.6396344 0.6379417 0.6354973 0.633101 0.633101 0.6369631 0.6407677 0.6443435 0.6487231 0.6531522 0.6572875 0.6615061 0.6660351 0.6703715 0.6703715 0.6745453 0.6781542 0.6812317 0.684984 0.6891013 0.6930408 0.6975764 0.702698 0.707126 0.707126 0.7111503 0.7150606 0.7194439 0.7240008 0.7281206 0.7322958 0.73682 0.7411005 0.7411005 0.7451618 0.7493294 0.7536608 0.7581396 0.7623003 0.7664405 0.770666
0.6720809 0.6726928 0.6732035 0.6733502 0.673012 0.6729303 0.6724411 0.6711138 0.670453 0.670061 0.670061 0.6687154 0.6674357 0.6667715 0.665888 0.6649117 0.6632683 0.6612965 0.6593705 0.6575961 0.6575961 0.6557411 0.6536316 0.6514393 0.6491867 0.6469609 0.6446618 0.6421379 0.6394077 0.6365139 0.6365139 0.636727 0.6406137 0.6440609 0.6482108 0.6530182 0.6574787 0.661723 0.6662086 0.6701493 0.6701493 0.6738582 0.677549 0.681353 0.6858193 0.6898164 0.6932901 0.696645 0.7007474 0.7052876 0.7052876 0.709724 0.7138246 0.7181399 0.722724 0.7270612 0.7312949 0.7358794 0.7405437 0.7405437 0.7447566 0.7485871 0.7527813 0.7573262 0.7615579 0.7656129 0.7696865
0.6720809 0.6726928 0.6732035 0.6733502 0.673012 0.6729303 0.6724411 0.6711138 0.670453 0.670061 0.670061 0.6687154 0.6674357 0.6667715 0.665888 0.6649117 0.6632683 0.6612965 0.6593705 0.6575961 0.6575961 0.6557411 0.6536316 0.6514393 0.6491867 0.6469609 0.6446618 0.6421379 0.6394077 0.6365139 0.6365139 0.636727 0.6406137 0.6440609 0.6482108 0.6530182 0.6574787 0.661723 0.6662086 0.6701493 0.6701493 0.6738582 0.677549 0.681353 0.6858193 0.6898164 0.6932901 0.696645 0.7007474 0.7052876 0.7052876 0.709724 0.7138246 0.7181399 0.722724 0.7270612 0.7312949 0.7358794 0.7405437 0.7405437 0.7447566 0.7485871 0.7527813 0.7573262 0.7615579 0.7656129 0.7696865
0.6772274 0.6777757 0.6781259 0.6781479 0.6774947 0.6767191 0.6753667 0.6742987 0.6743658 0.6737673 0.6737673 0.6720431 0.6717246 0.6717126 0.6700308 0.6686696 0.6670833 0.6651553 0.6631767 0.6614373 0.6614373 0.6595318 0.6575042 0.6555181 0.6531845 0.6506436 0.6481119 0.6455178 0.6432576 0.6398507 0.6398507 0.6370915 0.6405056 0.6438753 0.6480029 0.6526014 0.6571957 0.661513 0.6656998 0.669541 0.669541 0.6734127 0.6773826 0.6814518 0.6861569 0.6901714 0.6937923 0.697009 0.7004117 0.7045639 0.7045639 0.709156 0.7135823 0.717415 0.7211347 0.7253343 0.7296782 0.7343979 0.7394263 0.7394263 0.7440535 0.7481917 0.7522572 0.7566614 0.7609782 0.7650806 0.7690433
0.6824436 0.6824843 0.6824189 0.6822983 0.6817768 0.6811779 0.6806017 0.6803138 0.6797542 0.6782097 0.6782097 0.6765859 0.6765348 0.6756978 0.6738855 0.6720295 0.6706408 0.6689026 0.6671918 0.6653903 0.6653903 0.6630043 0.66066 0.6580753 0.6552837 0.6527082 0.6503881 0.6477774 0.6454365 0.6431562 0.6431562 0.6404204 0.6402449 0.643852 0.6480657 0.6521874 0.6565585 0.6611032 0.6654296 0.6695632 0.6695632 0.67371 0.6777294 0.681798 0.6864356 0.6903525 0.694008 0.6979373 0.7019227 0.7056812 0.7056812 0.7093782 0.7134637 0.7175756 0.7211901 0.7249914 0.7291223 0.7337307 0.7385199 0.7385199 0.742972 0.7473156 0.7514521 0.75559 0.7599187 0.764107 0.7680146
0.6858594 0.6866338 0.6874102 0.6870871 0.6864478 0.6860366 0.6856815 0.684991 0.6840421 0.6827024 0.6827024 0.6816636 0.6809381 0.6792845 0.6774472 0.6757468 0.6743796 0.6729506 0.6712173 0.6690868 0.6690868 0.6663315 0.6636257 0.6611899 0.658877 0.655988 0.6530917 0.6504849 0.6477234 0.6451643 0.6451643 0.6430092 0.6402107 0.6439627 0.6480772 0.6520927 0.6561333 0.6605942 0.6651412 0.6695958 0.6695958 0.6737655 0.6778429 0.6816788 0.685843 0.6901851 0.6945468 0.6982814 0.7025664 0.7064254 0.7064254 0.7100197 0.7138484 0.7181981 0.7223589 0.7257787 0.7290392 0.7334619 0.7381023 0.7381023 0.7421912 0.7463269 0.750466 0.7543594 0.7584055 0.7623509 0.7660674
0.6858594 0.6866338 0.6874102 0.6870871 0.6864478 0.6860366 0.6856815 0.684991 0.6840421 0.6827024 0.6827024 0.6816636 0.6809381 0.6792845 0.6774472 0.6757468 0.6743796 0.6729506 0.6712173 0.6690868 0.6690868 0.6663315 0.6636257 0.6611899 0.658877 0.655988 0.6530917 0.6504849 0.6477234 0.6451643 0.6451643 0.6430092 0.6402107 0.6439627 0.6480772 0.6520927 0.6561333 0.6605942 0.6651412 0.6695958 0.6695958 0.6737655 0.6778429 0.6816788 0.685843 0.6901851 0.6945468 0.6982814 0.7025664 0.7064254 0.7064254 0.7100197 0.7138484 0.7181981 0.7223589 0.7257787 0.7290392 0.7334619 0.7381023 0.7381023 0.7421912 0.7463269 0.750466 0.7543594 0.7584055 0.7623509 0.7660674
0.6882844 0.6893033 0.6901891 0.6908017 0.6913644 0.6908295 0.6902573 0.6891651 0.6880535 0.6869401 0.6869401 0.6858914 0.6848897 0.6830769 0.6815208 0.6802938 0.6784614 0.5073129 0.6745525 0.672636 0.672636 0.6700461 0.6669728 0.6643016 0.6620285 0.6604464 0.6573939 0.6540055 0.6504438 0.6469934 0.6469934 0.6443015 0.6422191 0.6435337 0.6480218 0.6521548 0.6560571 0.6602655 0.6646128 0.6690741 0.6690741 0.673227 0.6769058 0.6805035 0.6842803 0.6882271 0.6925207 0.6969 0.7014006 0.7055926 0.7055926 0.7094268 0.7132398 0.7172574 0.7210969 0.7243444 0.7277225 0.7322466 0.7368022 0.7368022 0.7408268 0.744786 0.7489235 0.7528701 0.7567106 0.7604331 0.7639354
0.6916656 0.6925477 0.6931754 0.6935856 0.694317 0.6937593 0.6931092 0.6922282 0.6912025 0.6903142 0.6903142 0.6894315 0.6885622 0.687398 0.6860877 0.5127319 0.5104914 0.5087101 0.6768796 0.6752595 0.6752595 0.673113 0.6706224 0.6680076 0.6654142 0.6632171 0.6610465 0.6581648 0.6545181 0.6506816 0.6506816 0.6465015 0.6437454 0.6421568 0.6472357 0.651822 0.6557403 0.6597477 0.6638948 0.6680703 0.6680703 0.6720961 0.6757647 0.6795939 0.6832108 0.6865758 0.6904944 0.6953871 0.699967 0.7040348 0.7040348 0.7078595 0.5336447 0.5364699 0.5392129 0.5418344 0.5445944 0.5480167 0.5512247 0.5512247 0.5541896 0.7429646 0.747038 0.7508976 0.7544664 0.7580268 0.7615388
0.6956891 0.6966434 0.69729 0.6974144 0.6973958 0.6966977 0.6966604 0.6961797 0.6950617 0.6940872 0.6940872 0.6929873 0.6920884 0.6915719 0.5167618 0.5144396 0.5124584 0.5101947 0.5084393 0.5079367 0.5079367 0.6758484 0.6734784 0.6709377 0.668818 0.6666707 0.6641459 0.6609982 0.6574701 0.6544049 0.6544049 0.6513187 0.6473891 0.6442643 0.6455445 0.6501667 0.6547827 0.6590036 0.663079 0.6670909 0.6670909 0.6710888 0.6750362 0.6791803 0.6830586 0.6866419 0.6901352 0.6939332 0.698374 0.7025025 0.7025025 0.5297444 0.532179 0.534941 0.5378352 0.54072 0.543806 0.5470564 0.5499845 0.5499845 0.5528873 0.5558772 0.5587249 0.7485825 0.7519665 0.7553325 0.7583675
0.6956891 0.6966434 0.69729 0.6974144 0.6973958 0.6966977 0.6966604 0.6961797 0.6950617 0.6940872 0.6940872 0.6929873 0.6920884 0.6915719 0.5167618 0.5144396 0.5124584 0.5101947 0.5084393 0.5079367 0.5079367 0.6758484 0.6734784 0.6709377 0.668818 0.6666707 0.6641459 0.6609982 0.6574701 0.6544049 0.6544049 0.6513187 0.6473891 0.6442643 0.6455445 0.6501667 0.6547827 0.6590036 0.663079 0.6670909 0.6670909 0.6710888 0.6750362 0.6791803 0.6830586 0.6866419 0.6901352 0.6939332 0.698374 0.7025025 0.7025025 0.5297444 0.532179 0.534941 0.5378352 0.54072 0.543806 0.5470564 0.5499845 0.5499845 0.5528873 0.5558772 0.5587249 0.7485825 0.7519665 0.7553325 0.7583675
