testsite2.asc
ncols         147
nrows         237
xllcorner     13125553.207142
yllcorner     -4169487.5151389
cellsize      102.15358899309
NODATA_value  -9999
[rows 112 to 139 of 237, columns 63 to 125 of 147]
-9999 0.7874358 0.7867737 0.7849506 0.7881383 0.7905958 0.7915859 0.7906035 0.7881798 0.7811195 0.7774553 -9999 -9999 -9999 -9999 0.6 0.5649015 0.7492418 0.7438473 0.7410294 0.7380168 0.7348628 0.731614 0.7282851 0.7247635 0.7211772 0.7175772 0.7140032 0.7065856 0.7030147 0.6993233 0.6952739 0.6914177 0.6876237 0.6898549 0.6923668 0.694775 0.6988306 0.7004184 0.702109 0.7041574 0.7059157 0.7072809 0.7083191 0.7093831 0.7106951 0.7115668 0.7123427 0.7122625 0.7119011 0.5335051 0.533162 0.5333455 0.5338866 0.53426 0.5341889 0.5355161 0.5400734 0.5422485 0.5441376 0.5459403 0.5477864 0.5495642
-9999 0.5874326 0.5870937 0.5900251 0.7906247 0.7940019 0.795759 0.7940237 0.7906501 0.7827505 0.7784581 -9999 -9999 -9999 -9999 0.6 0.565416 0.7498207 0.7414157 0.7380075 0.735209 0.7321166 0.7288962 0.7258146 0.7224818 0.7191062 0.715569 0.7121313 0.7047378 0.7011106 0.6972358 0.6932549 0.6895918 0.6858765 0.6865166 0.6890416 0.6912388 0.6952794 0.69684 0.6981732 0.699693 0.7012753 0.7027091 0.7043489 0.7060571 0.706167 0.706475 0.707198 0.7071912 0.7070518 0.706751 0.5299003 0.5301606 0.5306849 0.5310135 0.5314198 0.53364 0.5378346 0.5399001 0.5417647 0.5434506 0.5450169 0.5467097
-9999 0.5843066 0.5874326 0.5905663 0.5935597 0.5967818 -9999 0.7957724 0.7916275 0.7831551 -9999 -9999 -9999 -9999 -9999 0.6 0.5654465 0.7497138 0.7414769 0.7374382 0.733242 0.7292651 0.7261779 0.7231389 0.7199155 0.7165012 0.7131428 0.7097522 0.7025309 0.6989001 0.6950139 0.691276 0.6878638 0.684189 0.6830525 0.6854368 0.6876781 0.6917703 0.6936306 0.6951607 0.696521 0.6981419 0.6996392 0.7004621 0.7007664 0.7010872 0.7015696 0.7025315 0.702818 0.7030337 0.7031268 0.7028724 0.5270901 0.5274298 0.5276875 0.5289772 0.5311701 0.535399 0.537303 0.5391395 0.5409188 0.5424947 0.5437335
-9999 -9999 -9999 -9999 -9999 -9999 0.5967364 0.7940834 0.790584 0.7825575 -9999 -9999 -9999 -9999 -9999 0.6 0.5650593 0.7494067 0.7413125 0.7371926 0.7330024 0.7288923 0.7247847 0.7206455 0.7172403 0.7139952 0.7107645 0.707408 0.7003941 0.6968384 0.6930215 0.6895144 0.6862342 0.6824821 0.6796777 0.6818995 0.6838546 0.6874982 0.6892471 0.6910104 0.6926438 0.6938766 0.6946159 0.6951588 0.695859 0.69679 0.6977204 0.6985418 0.6988533 0.6989207 0.6987613 0.6984011 0.523855 0.5242724 0.5244952 0.5265479 0.5287247 0.5327426 0.5345788 0.5364708 0.5382902 0.5398757 0.5412452
-9999 -9999 -9999 -9999 -9999 -9999 -9999 -9999 0.6 0.7811996 -9999 -9999 -9999 -9999 -9999 0.5677133 0.5646062 0.7490252 0.7408023 0.7367346 0.7326101 0.728429 0.7243274 0.7203119 0.7162232 0.7120374 0.7080985 0.7047698 0.6981204 0.6946605 0.6909377 0.6874889 0.6842784 0.6806858 0.6768797 0.6780292 0.6796094 0.6829383 0.6846547 0.6864539 0.6882401 0.6892503 0.6897388 0.690539 0.6915458 0.6926709 0.6936392 0.6945686 0.6947924 0.6945755 0.6942258 0.6938625 0.5205569 0.5209931 0.5221001 0.5242427 0.526378 0.5302863 0.532142 0.5339029 0.5354115 0.5368457 0.5382333
-9999 -9999 -9999 -9999 -9999 -9999 -9999 -9999 -9999 0.6 -9999 -9999 -9999 -9999 0.6 0.5668685 0.5638698 0.7480772 0.7397877 0.7357837 0.7318559 0.7277292 0.7236393 0.7196314 0.7156092 0.7114462 0.7072172 0.703148 0.6956061 0.6920964 0.6885215 0.685269 0.6820526 0.6784759 0.675472 0.6742129 0.6758471 0.6790203 0.6805879 0.6821085 0.6836429 0.6846498 0.6852719 0.6865603 0.6878096 0.6889188 0.6896735 0.6900451 0.6903765 0.6904063 0.6902435 0.5174649 0.5175323 0.5178491 0.5197732 0.5219225 0.5238988 0.5276853 0.5295097 0.5311573 0.5326003 0.5339531 0.5353196
-9999 -9999 -9999 -9999 -9999 -9999 -9999 -9999 -9999 -9999 -9999 -9999 -9999 -9999 0.6 0.5657077 0.5629653 0.7469324 0.7389009 0.7347309 0.7308639 0.7269748 0.7230015 0.7189603 0.7149313 0.7108362 0.7065566 0.7025759 0.694032 0.6896825 0.6858715 0.6827528 0.6811597 0.6804539 0.679413 0.677767 0.6762436 0.6755668 0.6773289 0.678556 0.6794288 0.6802615 0.6810085 0.6822668 0.6833454 0.684328 0.6852151 0.6856192 0.6857436 0.6859554 0.5145429 0.5144295 0.5144967 0.515291 0.5173186 0.5192996 0.5212526 0.5249759 0.5267187 0.5283751 0.5299174 0.5312111 0.5324466
-9999 -9999 -9999 -9999 -9999 -9999 -9999 -9999 -9999 -9999 -9999 -9999 -9999 -9999 0.6 0.5645575 0.7491565 0.7456664 0.7380985 0.7339281 0.7299199 0.7258905 0.7219998 0.7181077 0.7140567 0.7100664 0.7057043 0.7016875 0.6930608 0.6889267 0.6861824 0.6857796 0.685044 0.6843618 0.6831644 0.6813458 0.6799513 0.6772912 0.6757481 0.6744906 0.675118 0.6758092 0.6766792 0.6779824 0.679235 0.6802142 0.6810603 0.6820196 0.6817774 0.511252 0.5112441 0.5111183 0.511179 0.5128253 0.5149195 0.5167634 0.5185956 0.5223618 0.5240617 0.5255828 0.527029 0.5283155 0.5294824
-9999 -9999 -9999 -9999 -9999 -9999 -9999 -9999 -9999 -9999 -9999 -9999 -9999 0.6 0.6 0.5629319 0.7470286 0.7436284 0.7362105 0.7325835 0.7287704 0.7245667 0.7204781 0.7165877 0.712692 0.7088411 0.7047009 0.7005352 0.6922307 0.6908224 0.6904846 0.6900418 0.6893462 0.6884915 0.6870356 0.6852723 0.6839458 0.6810957 0.6792689 0.6770118 0.6747854 0.6726571 0.6734931 0.6746566 0.675813 0.6766712 0.6771522 0.6778258 0.5085142 0.5084866 0.5081847 0.5078621 0.5081972 0.5102305 0.5123461 0.514308 0.5161222 0.5194919 0.5210488 0.522533 0.5238776 0.5252118 0.5264044
-9999 -9999 -9999 -9999 -9999 -9999 -9999 -9999 -9999 -9999 -9999 -9999 -9999 0.6 0.564188 0.5614189 0.7448161 0.7414868 0.7345781 0.7308085 0.7269714 0.7230583 0.7189816 0.7150289 0.7111564 0.7073483 0.7034425 0.6993936 0.6951784 0.6949567 0.6945889 0.6942477 0.6935471 0.6927252 0.6909525 0.6891989 0.6878232 0.6847612 0.6830561 0.6811796 0.6793172 0.6771187 0.6746725 0.672392 0.6718749 0.6725221 0.6727471 0.5050073 0.5051509 0.5050451 0.5048161 0.5045766 0.5057882 0.5077497 0.50971 0.5117248 0.513541 0.5167803 0.5182537 0.5197486 0.5209517 0.522033 0.5230503
-9999 -9999 -9999 -9999 -9999 -9999 -9999 -9999 -9999 -9999 -9999 -9999 -9999 0.6 0.564188 0.5614189 0.7448161 0.7414868 0.7345781 0.7308085 0.7269714 0.7230583 0.7189816 0.7150289 0.7111564 0.7073483 0.7034425 0.6993936 0.6951784 0.6949567 0.6945889 0.6942477 0.6935471 0.6927252 0.6909525 0.6891989 0.6878232 0.6847612 0.6830561 0.6811796 0.6793172 0.6771187 0.6746725 0.672392 0.6718749 0.6725221 0.6727471 0.5050073 0.5051509 0.5050451 0.5048161 0.5045766 0.5057882 0.5077497 0.50971 0.5117248 0.513541 0.5167803 0.5182537 0.5197486 0.5209517 0.522033 0.5230503
-9999 -9999 -9999 -9999 -9999 -9999 -9999 -9999 -9999 -9999 -9999 0.6 0.6 0.5645418 0.5623168 0.7464895 0.7428355 0.7393757 0.7325727 0.7287014 0.7250252 0.7214526 0.7176487 0.7136517 0.7096667 0.7058893 0.70214 0.6995878 0.6991487 0.6988171 0.6985715 0.6983789 0.6975557 0.6966355 0.6947793 0.6932423 0.6918969 0.688764 0.6872736 0.6851565 0.6830285 0.6808499 0.6784317 0.676248 0.6741616 0.6718123 0.5021127 0.5020358 0.5018202 0.5014505 0.5012845 0.501127 0.5029615 0.5050334 0.5070126 0.5089837 0.5108138 0.5142414 0.515661 0.5169346 0.518039 0.5189866 0.5198939
-9999 -9999 -9999 -9999 -9999 -9999 -9999 -9999 -9999 -9999 -9999 0.6 0.5642809 0.5623811 0.5602352 0.7438262 0.7402471 0.7367629 0.7300848 0.7265021 0.7231715 0.7197793 0.7159957 0.7120987 0.7080868 0.7042978 0.7034321 0.7035809 0.7031535 0.7029386 0.7028894 0.7026093 0.7017443 0.7006181 0.6988929 0.6973922 0.6959463 0.6926646 0.6910279 0.6887723 0.6866646 0.68437 0.6821606 0.6804897 0.6779733 0.6752163 0.6727616 0.5000974 0.5003196 0.5009033 0.501476 0.5023669 0.5030229 0.5034645 0.504078 0.5061122 0.5081881 0.5114951 0.5125742 0.5135721 0.5147079 0.515928 0.5170554
-9999 -9999 -9999 -9999 -9999 -9999 -9999 -9999 -9999 -9999 0.6 0.563513 0.5617712 0.5598899 0.7438431 0.7408864 0.7373664 0.7338677 0.7276478 0.7245405 0.7212454 0.7176385 0.7139224 0.7103406 0.7065263 0.7068887 0.70713 0.7073538 0.7074289 0.7072908 0.7072976 0.7067455 0.705874 0.7046103 0.7031592 0.701617 0.6999389 0.6960728 0.6939539 0.6918601 0.6898003 0.6872941 0.6851907 0.6829689 0.6801369 0.6773781 0.6748461 0.5027161 0.5034348 0.504366 0.5047774 0.5055399 0.5064273 0.5069597 0.5071734 0.5075262 0.5080364 0.5105501 0.5111048 0.5116292 0.5122367 0.5129598 0.513868
-9999 -9999 -9999 -9999 -9999 -9999 -9999 -9999 -9999 0.6 0.5622237 0.5608531 0.5592697 0.5574968 0.7408262 0.7379357 0.7342693 0.7308398 0.7254021 0.7221631 0.7186704 0.7151543 0.7117107 0.7097747 0.7106348 0.7111338 0.7114544 0.7118015 0.7117538 0.7115888 0.7113649 0.7106225 0.7098347 0.7086489 0.7073395 0.7059751 0.7040309 0.7000087 0.6974851 0.694909 0.6927016 0.6901763 0.6878847 0.6854628 0.6828495 0.6800432 0.6772159 0.6734997 0.6750175 0.5076562 0.5081843 0.5087337 0.5095296 0.5102087 0.5103971 0.5105717 0.5108031 0.513518 0.5140232 0.5146016 0.5151725 0.5157269 0.5163699
-9999 -9999 -9999 -9999 -9999 -9999 -9999 -9999 -9999 0.6 0.5593987 0.5580862 0.5566003 0.7399009 0.7375244 0.7347249 0.7312107 0.7280384 0.7227532 0.7196898 0.7162651 0.7128766 0.7125293 0.7136019 0.7146099 0.7155539 0.716282 0.7165343 0.7158655 0.7156562 0.715345 0.7147052 0.7138435 0.7128291 0.7112826 0.709954 0.7082778 0.7043852 0.7020283 0.6992949 0.6966785 0.6940109 0.6915271 0.6891708 0.6868773 0.6838838 0.6802552 0.6769992 0.6785988 0.6808705 0.5116283 0.5121188 0.5126461 0.5131978 0.5134777 0.5136656 0.5140242 0.5161422 0.5165754 0.5175523 0.5183778 0.5188207 0.5193821
-9999 -9999 -9999 -9999 -9999 -9999 -9999 -9999 0.6 0.5574884 0.5565007 0.5552852 0.5538962 0.7363675 0.7340889 0.7314467 0.7282114 0.7251807 0.7198212 0.7169837 0.7139428 0.7154139 0.716784 0.7181404 0.7191062 0.7197552 0.7203396 0.7204462 0.719751 0.7196509 0.7194452 0.7188143 0.7177545 0.717001 0.7150273 0.7134193 0.7116322 0.7078525 0.7059193 0.7034416 0.7008867 0.6981523 0.6954594 0.6930057 0.6902305 0.6867054 0.6831062 0.6807698 0.6823062 0.5133902 0.5147598 0.5152459 0.5157865 0.5164229 0.5167691 0.5166463 0.5169489 0.5187175 0.5193969 0.5205599 0.5216941 0.5223407 0.5227227
-9999 -9999 -9999 -9999 -9999 -9999 -9999 -9999 0.6 0.5544732 0.5535342 0.5524206 0.5511192 0.7327707 0.7306575 0.7281436 0.7250674 0.7221389 0.7168517 0.7156914 0.7176583 0.7192119 0.7203448 0.7212902 0.7223083 0.7234427 0.7242846 0.7241721 0.7240815 0.7240416 0.7237329 0.7229113 0.7217271 0.7206742 0.7188279 0.7168959 0.7153651 0.7111632 -9999 0.7068402 0.7046645 0.702026 0.6991814 0.6961848 0.6930234 0.6896191 0.68604 0.684391 0.5145825 0.5161002 0.5176218 0.5185692 0.5190721 0.5195653 0.5198506 0.5197611 0.5199525 0.5216055 0.5223948 0.5236009 0.5249307 0.5257332 0.5261942
-9999 -9999 -9999 -9999 -9999 -9999 -9999 -9999 -9999 0.5514439 0.5505966 0.5495024 0.5482522 0.7291367 0.7271091 0.7247272 0.7218539 0.7190467 0.7170024 0.7189464 0.7207795 0.7223059 0.7236302 0.7248359 0.7261398 0.7272562 0.7279093 0.7280746 0.728512 0.7282118 0.7278534 0.7269769 0.7258233 0.7245831 0.7230077 0.7206716 0.719025 0.7150925 -9999 0.710369 0.7078508 0.7051367 0.7022235 0.6992121 0.6960354 0.6927224 0.5168511 0.5159698 0.5174403 0.5188705 0.5204964 0.5218226 0.5224847 0.5229169 0.5230568 0.5230197 0.5232501 0.5246912 0.5255883 0.5270076 0.5282539 0.5288383 0.5294074
-9999 -9999 -9999 -9999 -9999 -9999 -9999 -9999 -9999 0.5484325 0.5476526 0.546617 0.5454095 0.7254753 0.7235557 0.7212232 0.7187206 0.716016 0.7207492 0.7226958 0.7244849 0.7262089 0.7278535 0.7293605 0.7305714 0.7311131 0.7316132 0.7321909 0.7325676 0.7323142 0.7320573 0.7311455 0.7299809 0.7286167 0.7271115 0.7246133 0.7225983 0.7183592 0.7161289 0.7139506 0.7113737 0.7083549 0.7051175 0.7018238 0.5239118 0.5214406 0.5189017 0.5187415 0.5202949 0.5218235 0.5235003 0.5246947 0.5256836 0.5263812 0.5265875 0.5264618 0.5264839 0.5277926 0.529 0.5303992 0.5314494 0.531891 0.5323573
-9999 -9999 -9999 -9999 -9999 -9999 -9999 -9999 -9999 0.5454515 0.5446655 0.5436304 0.5425211 0.5413049 0.7198151 0.7176846 0.717126 0.7195071 0.724588 0.7268692 0.7289653 0.730822 0.7324597 0.7339553 0.734832 0.7350748 0.7356342 0.7363807 0.736539 0.7363975 0.7359934 0.7352841 0.7340069 0.7324187 0.730791 0.7287406 0.7262859 0.7216557 0.7190514 0.7165535 0.7139387 0.7110283 0.707691 0.5282734 0.5258294 0.5231695 0.5204122 0.5216658 0.5233943 0.5249731 0.5264491 0.5275215 0.5284716 0.5293432 0.5299848 0.5300225 0.5300195 0.5306445 0.5321187 0.5334196 0.5344747 0.5349838 0.5354435
-9999 -9999 -9999 -9999 -9999 -9999 -9999 -9999 -9999 0.5454515 0.5446655 0.5436304 0.5425211 0.5413049 0.7198151 0.7176846 0.717126 0.7195071 0.724588 0.7268692 0.7289653 0.730822 0.7324597 0.7339553 0.734832 0.7350748 0.7356342 0.7363807 0.736539 0.7363975 0.7359934 0.7352841 0.7340069 0.7324187 0.730791 0.7287406 0.7262859 0.7216557 0.7190514 0.7165535 0.7139387 0.7110283 0.707691 0.5282734 0.5258294 0.5231695 0.5204122 0.5216658 0.5233943 0.5249731 0.5264491 0.5275215 0.5284716 0.5293432 0.5299848 0.5300225 0.5300195 0.5306445 0.5321187 0.5334196 0.5344747 0.5349838 0.5354435
-9999 -9999 -9999 -9999 -9999 -9999 -9999 -9999 -9999 0.5424199 0.5416314 0.5406858 0.5396329 0.5384923 0.7161132 0.7174229 0.7202846 0.7227755 0.728085 0.7305261 0.7326385 0.7344092 0.7360758 0.7377738 0.7390559 0.739328 0.7397702 0.7405396 0.740647 0.7404543 0.7400126 0.7392142 0.7378708 0.7362825 0.7346098 0.7328256 0.7300878 0.7249719 0.722205 0.7196711 0.7169876 0.5351682 0.5325214 0.5301414 0.5277232 0.5250044 0.5222571 0.5250684 0.5268417 0.5279931 0.5290204 0.5300947 0.5311712 0.532081 0.5329618 0.533496 0.5335544 0.5336225 0.5349661 0.5362627 0.5374306 0.5381109 0.5387414
-9999 -9999 -9999 -9999 -9999 -9999 -9999 -9999 -9999 -9999 0.53863 0.537743 0.5366996 0.5355873 0.7172791 0.7203382 0.7232889 0.7258899 0.7314085 0.7339413 0.7361205 0.7382047 0.739993 0.7415056 0.7430551 0.7437605 0.7440314 0.7446376 0.7449271 0.7445079 0.743904 0.7430197 0.7418803 0.7403043 0.7383306 0.7361338 0.734023 0.7284074 0.725297 0.7226511 0.5399262 0.5372096 0.5343974 0.5319003 0.5294725 0.5267689 0.5241919 0.5282775 0.5294151 0.5306594 0.5321035 0.5333495 0.5342329 0.5350132 0.5358794 0.5367197 0.5370377 0.537177 0.5383263 0.5396372 0.540439 0.5411069 0.5417691
-9999 -9999 -9999 -9999 -9999 -9999 -9999 -9999 -9999 0.6 0.535509 0.5346863 0.5349367 0.5375401 0.5399761 0.7231104 0.7261779 0.7289128 0.7346246 0.7371812 0.7394697 0.741621 0.7437125 0.7456249 0.7472799 0.7479982 0.7483671 0.748839 0.749082 0.7486473 0.7478924 0.7468575 0.7456356 0.7440992 0.7420079 0.7395943 0.7371393 0.7319307 0.728319 0.5440412 0.5419115 0.5392492 0.5363305 0.5335914 0.531139 0.5284431 0.5270669 0.530452 0.5322118 0.5335732 0.5346879 0.5359631 0.5371988 0.5381807 0.5389553 0.5397716 0.5399588 0.5398538 0.5405463 0.5418403 0.542806 0.5433661 0.5438585
-9999 -9999 -9999 -9999 -9999 -9999 -9999 -9999 -9999 -9999 0.6 0.5340624 0.5367071 0.5393149 0.5418917 0.7256862 0.728881 0.731882 0.7377434 0.7403167 0.7428069 0.7451931 0.7473142 0.7492781 0.7509639 0.7520245 0.7527586 0.7531862 0.7528682 0.7525865 0.7519035 0.7507921 0.7492343 0.7473754 0.7453179 0.7432225 0.7405018 0.7349806 0.5483929 0.5460579 0.5436512 0.5409772 0.5381135 0.5352967 0.5327699 0.529997 0.5295492 0.5335325 0.5345603 0.5356107 0.5372077 0.5387173 0.5400541 0.5411429 0.5420895 0.5429705 0.5428171 0.5419765 0.5421689 0.5437431 0.5452455 0.545956 0.5467532
-9999 -9999 -9999 -9999 -9999 -9999 -9999 -9999 -9999 -9999 0.6 0.5356151 0.5383805 0.5410417 0.5436507 0.7281631 0.7315138 0.7347494 0.7409637 0.7436819 0.7462147 0.7488165 0.7511834 0.7530962 0.7546459 0.7559198 0.7569882 0.7573956 0.7564754 0.7562007 0.7556449 0.7544273 0.7526161 0.7504896 0.7480732 0.74561 0.7428827 0.5529461 0.5502824 0.5477834 0.5451871 0.5423861 0.5395157 0.5368145 0.5341603 0.5311465 0.5317742 0.5355089 0.5363187 0.5381934 0.5400987 0.5416742 0.5431933 0.5443774 0.5453878 0.5458151 0.545568 0.5444402 0.5446033 0.5458551 0.5476506 0.5487626 0.5498564
-9999 -9999 -9999 -9999 -9999 -9999 -9999 -9999 -9999 -9999 -9999 0.5370861 0.5398414 0.5426199 0.5452765 0.5479081 0.7340154 0.7374212 0.7439409 0.7469206 0.749625 0.7522657 0.7547887 0.7568902 0.7585396 0.759795 0.7608864 0.7615421 0.7605719 0.7598648 0.7591773 0.7578256 0.7559996 0.7538384 0.7512491 0.7484655 0.7456833 0.5553055 0.5527016 0.5501825 0.5474426 0.5444179 0.5413709 0.5387018 0.5360249 0.5330499 0.5344847 0.5371673 0.5387207 0.5411093 0.5433149 0.5451285 0.5465573 0.5475318 0.5480881 0.5484236 0.5481294 0.5473081 0.5480411 0.5485228 0.5497365 0.5514148 0.5528862
