testsite2.asc
ncols         147
nrows         237
xllcorner     13125553.207142
yllcorner     -4169487.5151389
cellsize      102.15358899309
NODATA_value  -9999
[rows 140 to 167 of 237, columns 0 to 62 of 147]
-9999 -9999 0.5088753 0.5100155 0.5110114 0.5124769 0.5130849 0.5137679 0.5143489 0.5148665 0.5152215 0.5154169 0.5180608 0.521093 0.5272928 0.5303934 0.5335256 0.5366127 0.5395828 0.5426145 0.5458375 0.5490329 0.5520233 0.5549543 0.5609354 0.5641776 0.5672307 0.5702424 0.5731972 0.575659 0.5781869 0.5810372 0.5838484 0.5883306 0.5898898 0.5905663 0.5896873 0.587945 0.5860174 0.5839738 0.5812397 0.6 -9999 -9999 -9999 -9999 -9999 -9999 -9999 -9999 -9999 -9999 -9999 -9999 -9999 -9999 -9999 -9999 -9999 -9999 -9999 -9999 -9999
-9999 -9999 0.5059948 0.5071148 0.5081491 0.5092603 0.5099339 0.5106912 0.5113114 0.5117841 0.5120779 0.5145103 0.5176049 0.5206606 0.5269156 0.5299859 0.5329761 0.5360103 0.53903 0.5419718 0.544915 0.547966 0.5510548 0.5541508 0.5599643 0.5631225 0.5661248 0.5689583 0.5715986 0.5738633 0.5766495 0.5794468 0.5818869 0.5854956 0.5868869 0.5874912 0.5866095 0.585292 0.5837772 0.5820794 0.5795263 0.6 -9999 -9999 -9999 -9999 -9999 -9999 -9999 -9999 -9999 -9999 -9999 -9999 -9999 -9999 -9999 -9999 -9999 -9999 -9999 -9999 -9999
-9999 -9999 0.5031434 0.5041553 0.5050323 0.506069 0.5071079 0.5079033 0.508395 0.5087949 0.5110496 0.514141 0.5171615 0.5201719 0.526346 0.5294041 0.5323882 0.535385 0.5384063 0.5413809 0.5442747 0.5471103 0.5499637 0.5529295 0.5585786 0.5616822 0.5646328 0.5673344 0.5698243 0.5723528 0.5752215 0.5777467 0.5794585 0.5826577 0.5838436 0.5842302 0.5836202 0.582564 0.5812515 0.5797619 0.5771958 -9999 -9999 -9999 -9999 -9999 -9999 -9999 -9999 -9999 -9999 -9999 -9999 -9999 -9999 -9999 -9999 -9999 -9999 -9999 -9999 -9999 -9999
-9999 -9999 0.5031434 0.5041553 0.5050323 0.506069 0.5071079 0.5079033 0.508395 0.5087949 0.5110496 0.514141 0.5171615 0.5201719 0.526346 0.5294041 0.5323882 0.535385 0.5384063 0.5413809 0.5442747 0.5471103 0.5499637 0.5529295 0.5585786 0.5616822 0.5646328 0.5673344 0.5698243 0.5723528 0.5752215 0.5777467 0.5794585 0.5826577 0.5838436 0.5842302 0.5836202 0.582564 0.5812515 0.5797619 0.5771958 -9999 -9999 -9999 -9999 -9999 -9999 -9999 -9999 -9999 -9999 -9999 -9999 -9999 -9999 -9999 -9999 -9999 -9999 -9999 -9999 -9999 -9999
-9999 -9999 0.5001457 0.501103 0.5018446 0.5031401 0.5041903 0.5048325 0.5052997 0.5074171 0.5104909 0.5135471 0.5164842 0.5194982 0.5256224 0.5286685 0.5317389 0.5347546 0.5377712 0.5406985 0.5436244 0.5463825 0.5492036 0.5521117 0.557562 0.5603676 0.5631308 0.5657339 0.5681729 0.5708498 0.5734121 0.5752361 0.576956 0.5797055 0.580456 0.5808785 0.580462 0.5796535 0.5785432 0.5774105 0.5746558 -9999 -9999 -9999 -9999 -9999 -9999 -9999 -9999 -9999 -9999 -9999 -9999 -9999 -9999 -9999 -9999 -9999 -9999 -9999 -9999 -9999 -9999
-9999 -9999 0.49709 0.49804 0.4988148 0.5002921 0.5011244 0.5016659 0.5035784 0.5066953 0.509746 0.5127496 0.5157281 0.5188293 0.5248887 0.5278596 0.5308162 0.5337622 0.5367197 0.5396665 0.5425264 0.5452628 0.5481075 0.5509172 0.5563366 0.5589688 0.5615484 0.5640436 0.5663915 0.5688289 0.5709383 0.5728012 0.5745817 0.5767322 0.5771304 0.5774113 0.5771383 0.5765936 0.5757387 0.5745173 0.5717715 -9999 -9999 -9999 -9999 -9999 -9999 -9999 -9999 -9999 -9999 -9999 -9999 -9999 -9999 -9999 -9999 -9999 -9999 -9999 -9999 -9999 -9999
-9999 -9999 0.4940988 0.4950245 0.4958316 0.4973907 0.4981518 0.4999151 0.5029193 0.5059165 0.5089442 0.5119213 0.5149665 0.5180438 0.5238881 0.526812 0.5297247 0.5326265 0.5355273 0.5384387 0.5412712 0.5439563 0.5466605 0.5492921 0.5546233 0.557182 0.559668 0.5621072 0.5644228 0.5666579 0.5683693 0.5700292 0.5718076 0.5738297 0.5742207 0.5743817 0.574226 0.5738307 0.5731766 0.5714095 -9999 -9999 -9999 -9999 -9999 -9999 -9999 -9999 -9999 -9999 -9999 -9999 -9999 -9999 -9999 -9999 -9999 -9999 -9999 -9999 -9999 -9999 -9999
-9999 -9999 0.4910238 0.4919954 0.4928756 0.4944199 0.4960026 0.4990965 0.5021416 0.5050567 0.50805 0.5110571 0.5140709 0.5170165 0.522747 0.5256116 0.5284674 0.5313354 0.5342223 0.5370519 0.5399416 0.5425602 0.5451679 0.5477265 0.5527472 0.5551691 0.5575777 0.5599414 0.5622028 0.5643395 0.5659775 0.5674502 0.5689637 0.5709025 0.5714279 0.5715855 0.5714668 0.5710841 0.5702121 0.5683644 -9999 -9999 -9999 -9999 -9999 -9999 -9999 -9999 -9999 -9999 -9999 -9999 -9999 -9999 -9999 -9999 -9999 -9999 -9999 -9999 -9999 -9999 -9999
-9999 -9999 0.4879416 0.488959 0.4898513 0.492043 0.4951335 0.4981709 0.5012181 0.5041378 0.5070631 0.510039 0.5129324 0.51582 0.5215052 0.5243165 0.5271121 0.529954 0.5327317 0.5355406 0.5383124 0.5410284 0.5436507 0.5461223 0.550937 0.5532452 0.5554857 0.557667 0.5597109 0.5616124 0.5633152 0.5648042 0.566044 0.5677603 0.5683064 0.5685256 0.5685278 0.5680964 0.567078 0.565212 -9999 -9999 -9999 -9999 -9999 -9999 -9999 -9999 -9999 -9999 -9999 -9999 -9999 -9999 -9999 -9999 -9999 -9999 -9999 -9999 -9999 -9999 -9999
-9999 -9999 0.4859578 0.4865012 0.4869068 0.4912202 0.4942629 0.4972373 0.5001992 0.5031517 0.5060246 0.5088779 0.5117058 0.5145221 0.5201943 0.5229193 0.5256828 0.5284156 0.5310552 0.5337574 0.5365 0.5391339 0.5418447 0.5442915 0.5490386 0.5512975 0.55339 0.5554589 0.5574091 0.5590738 0.560594 0.5619586 0.5630856 0.564751 0.5652347 0.5653301 0.5653113 0.5650564 0.5640049 0.5620114 -9999 -9999 -9999 -9999 -9999 -9999 -9999 -9999 -9999 -9999 -9999 -9999 -9999 -9999 -9999 -9999 -9999 -9999 -9999 -9999 -9999 -9999 -9999
-9999 -9999 0.4890375 0.4896083 0.4901044 0.4905711 0.4932321 0.4961658 0.4990838 0.5019883 0.5048811 0.5076804 0.5104269 0.5131284 0.518733 0.52139 0.5241132 0.5267822 0.5294071 0.5319921 0.5346842 0.5372646 0.5397602 0.542335 0.5469182 0.5490925 0.5510746 0.5530087 0.554868 0.5565305 0.5579944 0.5591924 0.5602499 0.5619023 0.5623168 0.5623163 0.5621002 0.5618434 0.5608234 0.5590031 -9999 -9999 -9999 -9999 -9999 -9999 -9999 -9999 -9999 -9999 -9999 -9999 -9999 -9999 -9999 -9999 -9999 -9999 -9999 -9999 -9999 -9999 -9999
-9999 -9999 0.4921509 0.492664 0.4932091 0.4936393 0.4936432 0.4958364 0.4982454 0.5007658 0.5035974 0.5063272 0.5089682 0.5116961 0.517105 0.5197731 0.5225054 0.525169 0.5278108 0.5303534 0.5328957 0.5353012 0.537676 0.5402259 0.5446892 0.546719 0.5485474 0.5503689 0.552155 0.5537323 0.5551627 0.5564038 0.5574595 0.5588793 0.5592229 0.5593218 0.5591035 0.5586289 0.5576128 0.5561016 -9999 -9999 -9999 -9999 -9999 -9999 -9999 -9999 -9999 -9999 -9999 -9999 -9999 -9999 -9999 -9999 -9999 -9999 -9999 -9999 -9999 -9999 -9999
-9999 -9999 0.495232 0.4957393 0.4963192 0.4968597 0.4969512 0.4980285 0.5003236 0.5026537 0.504963 0.5071051 0.5090748 0.5113101 0.5154799 0.5181795 0.5209829 0.5235032 0.5259817 0.5284265 0.5309273 0.533356 0.5356709 0.5380266 0.5422859 0.5442041 0.5460304 0.5477699 0.5494443 0.5508555 0.5521096 0.5532367 0.5542234 0.5557678 0.5560946 0.556189 0.5561044 0.555679 0.5546347 0.5530075 -9999 -9999 -9999 -9999 -9999 -9999 -9999 -9999 -9999 -9999 -9999 -9999 -9999 -9999 -9999 -9999 -9999 -9999 -9999 -9999 -9999 -9999 -9999
-9999 -9999 0.4984394 0.4989564 0.4995295 0.5000129 0.4999312 0.4997874 0.5022676 0.504683 0.507049 0.5092558 0.5112188 0.5134639 0.5178558 0.5201212 0.5225674 0.5246511 0.5266387 0.5287279 0.5309572 0.5329415 0.5347859 0.5366575 0.5398405 0.5416989 0.5434867 0.5451099 0.5466571 0.5480475 0.54921 0.5502485 0.5510927 0.5524789 0.5527689 0.5528665 0.552745 0.5523653 0.5517408 0.5503382 -9999 -9999 -9999 -9999 -9999 -9999 -9999 -9999 -9999 -9999 -9999 -9999 -9999 -9999 -9999 -9999 -9999 -9999 -9999 -9999 -9999 -9999 -9999
-9999 -9999 0.4984394 0.4989564 0.4995295 0.5000129 0.4999312 0.4997874 0.5022676 0.504683 0.507049 0.5092558 0.5112188 0.5134639 0.5178558 0.5201212 0.5225674 0.5246511 0.5266387 0.5287279 0.5309572 0.5329415 0.5347859 0.5366575 0.5398405 0.5416989 0.5434867 0.5451099 0.5466571 0.5480475 0.54921 0.5502485 0.5510927 0.5524789 0.5527689 0.5528665 0.552745 0.5523653 0.5517408 0.5503382 -9999 -9999 -9999 -9999 -9999 -9999 -9999 -9999 -9999 -9999 -9999 -9999 -9999 -9999 -9999 -9999 -9999 -9999 -9999 -9999 -9999 -9999 -9999
-9999 -9999 0.5017279 0.5021945 0.5026826 0.5029936 0.5029678 0.5029761 0.5042219 0.5065901 0.5089769 0.5112544 0.5133673 0.5157067 0.5201616 0.5224302 0.5246758 0.5267153 0.5287465 0.5310977 0.5333923 0.535324 0.5372968 0.5393149 0.5425211 0.5438694 0.5452164 0.5463286 0.5472796 0.5481238 0.5487986 0.5492062 0.5493476 0.5495507 0.5492927 0.3660055 0.365761 0.3655599 0.3654359 0.3651025 -9999 -9999 -9999 -9999 -9999 -9999 -9999 -9999 -9999 -9999 -9999 -9999 -9999 -9999 -9999 -9999 -9999 -9999 -9999 -9999 -9999 -9999 -9999
-9999 -9999 0.5049088 0.5053914 0.5057561 0.5059894 0.5059927 0.5059599 0.5059066 0.5083197 0.5107958 0.5132257 0.5155545 0.5178561 0.522375 0.5247034 0.5270234 0.5287746 0.5308382 0.5332215 0.5355178 0.5375481 0.5395976 0.5416189 0.545088 0.54656 0.5479291 0.5491004 0.5500848 0.5509892 0.5517546 0.5522614 0.5524263 0.3680413 0.3674074 0.3669302 -9999 -9999 -9999 -9999 -9999 -9999 -9999 -9999 -9999 -9999 -9999 -9999 -9999 -9999 -9999 -9999 -9999 -9999 -9999 -9999 -9999 -9999 -9999 -9999 -9999 -9999 -9999
-9999 -9999 0.5080256 0.5085877 0.5088935 0.5091401 0.5091676 0.5091397 0.5088612 0.5102251 0.5126617 0.5151436 0.5175675 0.5199587 0.5247225 0.526866 0.5291075 0.5310529 0.5328265 0.5350904 0.5374675 0.5397167 0.5419095 0.5439622 0.5475142 0.5490861 0.5506077 0.5519111 0.5530257 0.5540059 0.5547558 0.5552583 0.3703182 0.3698255 -9999 -9999 -9999 -9999 -9999 -9999 0.6 -9999 -9999 -9999 -9999 -9999 -9999 -9999 -9999 -9999 -9999 -9999 -9999 -9999 -9999 -9999 -9999 -9999 -9999 -9999 -9999 -9999 -9999
-9999 -9999 0.5111951 0.5115774 0.5119021 0.512295 0.5123222 0.5122862 0.5120059 0.5122472 0.5149066 0.5173404 0.5196702 0.5221984 0.5268084 0.5289556 0.5311483 0.5333309 0.5352676 0.537142 0.5394151 0.5417683 0.5440443 0.5460973 0.5497923 0.55146 0.5530725 0.5545747 0.555933 0.5570309 0.3719335 0.3723601 0.3724844 -9999 -9999 -9999 -9999 -9999 -9999 -9999 -9999 -9999 -9999 -9999 -9999 -9999 -9999 -9999 -9999 -9999 -9999 -9999 -9999 -9999 -9999 -9999 -9999 -9999 -9999 -9999 -9999 -9999 -9999
-9999 -9999 0.5141526 0.5146697 0.5150906 0.5154978 0.5154148 0.5153459 0.5151455 0.5149147 0.5166208 0.5191988 0.5216692 0.5243103 0.5288422 0.5311801 0.5335342 0.7142943 0.7171313 0.3598819 0.3610993 0.3625489 0.3638964 0.3651866 0.3678434 0.3690286 0.3702086 0.3713411 0.3723788 0.3732403 0.3739373 0.3744518 0.3746442 -9999 -9999 -9999 -9999 -9999 -9999 -9999 -9999 -9999 -9999 -9999 -9999 -9999 -9999 -9999 -9999 -9999 -9999 -9999 -9999 -9999 -9999 -9999 -9999 -9999 -9999 -9999 -9999 -9999 -9999
-9999 -9999 0.5171427 0.5177555 0.5182413 0.5186633 0.5185301 0.518375 0.5181641 0.5178452 0.5181977 0.5207403 0.523273 0.5261005 0.5308805 0.7109812 0.7142151 0.7173641 0.7202641 0.3615378 0.3628273 0.3640294 0.3654642 0.3669356 0.3698178 0.3711395 0.3723909 0.3734859 0.374423 0.3752605 0.3759912 0.3765056 0.3768127 -9999 -9999 -9999 -9999 -9999 -9999 -9999 -9999 -9999 -9999 -9999 -9999 -9999 -9999 -9999 -9999 -9999 -9999 -9999 -9999 -9999 -9999 -9999 -9999 -9999 -9999 -9999 -9999 -9999 -9999
-9999 -9999 0.5200787 0.5207168 0.5212336 0.5218542 0.5218103 0.5216408 0.5213661 0.5210576 0.5206858 0.5224782 0.5249319 0.5276229 0.7103637 0.7135241 0.7168391 0.7201912 0.7234377 0.3631093 0.3645283 0.3658866 0.3672783 0.3689132 0.3718501 0.3732333 0.3745226 0.375634 0.3766041 0.3774576 0.3781835 0.3787137 0.3790417 -9999 -9999 -9999 -9999 -9999 -9999 -9999 -9999 -9999 -9999 -9999 -9999 -9999 -9999 -9999 -9999 -9999 -9999 -9999 -9999 -9999 -9999 -9999 -9999 -9999 -9999 -9999 -9999 -9999 -9999
-9999 -9999 0.5229945 0.5236108 0.524081 0.5247434 0.5249586 0.5249982 0.524698 0.5242707 0.5238807 0.5242965 0.5268281 0.5294784 0.7128005 0.7158396 0.7194221 0.7230427 0.7263662 0.364674 0.3660643 0.3675675 0.3690215 0.3703811 0.3734267 0.3748573 0.3762287 0.3774673 0.3785222 0.3794811 0.3802158 0.3807826 0.3811322 -9999 -9999 -9999 -9999 -9999 -9999 -9999 -9999 -9999 -9999 -9999 -9999 -9999 -9999 -9999 -9999 -9999 -9999 -9999 -9999 -9999 -9999 -9999 -9999 -9999 -9999 -9999 -9999 -9999 -9999
-9999 -9999 0.5260064 0.5266169 0.5269622 0.5275894 0.5278485 0.5279222 0.5276781 0.5273514 0.5269156 0.5263007 0.5283431 0.7078916 0.7146863 0.7179542 0.7219932 0.7256791 0.3645025 0.3660831 0.3675675 0.3689744 0.3705395 0.3719503 0.3748986 0.3764354 0.3777981 0.3790697 0.3802448 -9999 -9999 -9999 0.6 -9999 -9999 -9999 -9999 -9999 -9999 -9999 -9999 -9999 -9999 -9999 -9999 -9999 -9999 -9999 -9999 -9999 -9999 -9999 -9999 -9999 -9999 -9999 -9999 -9999 -9999 -9999 -9999 -9999 -9999
-9999 -9999 0.5260064 0.5266169 0.5269622 0.5275894 0.5278485 0.5279222 0.5276781 0.5273514 0.5269156 0.5263007 0.5283431 0.7078916 0.7146863 0.7179542 0.7219932 0.7256791 0.3645025 0.3660831 0.3675675 0.3689744 0.3705395 0.3719503 0.3748986 0.3764354 0.3777981 0.3790697 0.3802448 -9999 -9999 -9999 0.6 -9999 -9999 -9999 -9999 -9999 -9999 -9999 -9999 -9999 -9999 -9999 -9999 -9999 -9999 -9999 -9999 -9999 -9999 -9999 -9999 -9999 -9999 -9999 -9999 -9999 -9999 -9999 -9999 -9999 -9999
-9999 -9999 0.5289916 0.5297571 0.5303249 0.5304448 0.530403 0.5302872 0.5299974 0.7062284 0.70567 0.7048936 0.7056562 0.7092596 0.7166065 0.7205579 0.7247068 0.7282723 0.3658285 0.367434 0.3689573 0.3704763 0.3719513 0.3734371 0.3762625 0.377812 0.3793133 0.3807602 0.3820208 0.3831288 0.6 -9999 -9999 -9999 -9999 -9999 -9999 -9999 -9999 -9999 -9999 -9999 -9999 -9999 -9999 -9999 -9999 -9999 -9999 -9999 -9999 -9999 -9999 -9999 -9999 -9999 -9999 -9999 -9999 -9999 -9999 -9999 -9999
-9999 -9999 0.532056 0.5326841 0.5332953 0.5332577 0.5328406 0.5326189 0.7100059 0.7095958 0.7088874 0.7082124 0.70757 0.7112643 0.7192745 0.7232805 0.7270936 0.7305859 0.3670415 0.3686964 0.3703243 0.3719473 0.3734901 0.3749087 0.3778017 0.3791257 0.380814 0.382282 0.3837031 0.3849327 0.6 0.6 -9999 -9999 -9999 -9999 -9999 -9999 -9999 -9999 -9999 -9999 -9999 -9999 -9999 -9999 -9999 -9999 -9999 -9999 -9999 -9999 -9999 -9999 -9999 -9999 -9999 -9999 -9999 -9999 -9999 -9999 -9999
-9999 -9999 0.535165 0.5355964 0.535838 0.7154348 0.7154496 0.715348 0.7151591 0.7147593 0.7141157 0.7132487 0.7122931 0.7136717 0.7215629 0.7254648 0.7291855 0.7327858 0.3681837 0.3699255 0.3716542 0.3733271 0.3748894 0.376369 0.3793141 0.3807932 0.3820605 0.3837169 0.3852468 0.3865987 0.6 0.6 0.6 -9999 -9999 -9999 -9999 -9999 -9999 -9999 -9999 -9999 -9999 -9999 -9999 -9999 -9999 -9999 -9999 -9999 -9999 -9999 -9999 -9999 -9999 -9999 -9999 -9999 -9999 -9999 -9999 -9999 -9999
