testsite2.asc
ncols         147
nrows         237
xllcorner     13125553.207142
yllcorner     -4169487.5151389
cellsize      102.15358899309
NODATA_value  -9999
[rows 168 to 195 of 237, columns 0 to 62 of 147]
-9999 -9999 0.716828 0.7172252 0.7180128 0.7202432 0.7207181 0.7206586 0.7202814 0.719768 0.7191255 0.7181667 0.7168721 0.7154804 0.7233281 0.7271837 0.7309695 0.734781 0.3692641 0.3710693 0.3728245 0.3745248 0.3761776 0.3777604 0.3807762 0.3823105 0.3836926 0.3849185 0.3865747 0.3881343 0.3895299 0.390672 0.3913957 -9999 -9999 -9999 -9999 -9999 -9999 -9999 -9999 -9999 -9999 -9999 -9999 -9999 -9999 -9999 -9999 -9999 -9999 -9999 -9999 -9999 -9999 -9999 -9999 -9999 -9999 -9999 -9999 -9999 -9999
-9999 -9999 0.720263 0.7213439 0.7229147 0.724825 0.7250237 0.724905 0.7246027 0.723942 0.7231337 0.7220654 0.7208267 0.7195621 0.7248096 0.7285651 0.7324755 0.3682104 0.3701235 0.3720053 0.3738583 0.3756679 0.3774529 0.3790933 0.3822774 0.3836718 0.3852067 0.3865877 0.3877892 0.3895646 0.391137 0.3924727 0.3933977 -9999 0.6 -9999 -9999 -9999 -9999 -9999 -9999 -9999 -9999 -9999 -9999 -9999 -9999 -9999 -9999 -9999 -9999 -9999 -9999 -9999 -9999 -9999 -9999 -9999 -9999 -9999 -9999 -9999 -9999
-9999 -9999 0.7245339 0.7261781 0.7277339 0.7290598 0.7291554 0.728964 0.7286139 0.7280058 0.7271491 0.7260848 0.7246652 0.7231944 0.7260746 0.7300669 0.3670028 0.3689808 0.3709714 0.3728942 0.3748405 0.3767043 0.3785222 0.3802722 0.3836396 0.385209 0.3866105 0.3881633 0.389541 0.3906695 0.3924861 0.394114 0.3953224 -9999 -9999 -9999 -9999 -9999 -9999 -9999 -9999 -9999 -9999 -9999 -9999 -9999 -9999 -9999 -9999 -9999 -9999 -9999 -9999 -9999 -9999 -9999 -9999 -9999 -9999 -9999 -9999 -9999 -9999
-9999 -9999 0.7295207 0.7310034 0.7320871 0.7331007 0.7332981 0.7332048 0.7327252 0.7320104 0.7311043 0.7300669 0.7287312 0.7271115 0.7271956 0.3656506 0.3676192 0.3696543 0.3716426 0.3735802 0.3755575 0.3775451 0.3794811 0.381366 0.3849216 0.3866215 0.3881943 0.3895493 0.3911406 0.3924861 0.3934085 0.3953359 0.3970225 -9999 -9999 -9999 -9999 -9999 -9999 -9999 -9999 -9999 -9999 -9999 -9999 -9999 -9999 -9999 -9999 -9999 -9999 -9999 -9999 -9999 -9999 -9999 -9999 -9999 -9999 -9999 -9999 -9999 -9999
-9999 -9999 0.7340909 0.7353595 0.7363048 0.7373858 0.7375244 0.7374109 0.736913 0.7361423 0.7351145 0.73396 0.7327404 0.7310426 0.3640311 0.3661094 0.368101 0.3701901 0.3721703 0.3741926 0.3761333 0.3781265 0.3801616 0.3821726 0.3860065 0.3878078 0.3895711 0.3911169 0.3924425 0.3940834 0.3953224 0.3958163 -9999 0.6 0.6 0.6 -9999 -9999 -9999 -9999 -9999 -9999 -9999 -9999 -9999 -9999 -9999 -9999 -9999 -9999 -9999 -9999 -9999 -9999 -9999 -9999 -9999 -9999 -9999 -9999 -9999 -9999 -9999
-9999 -9999 0.7380866 0.7393595 0.7403635 0.7414805 0.741593 0.7414253 0.7409894 0.7402837 0.7392083 0.7379022 0.7364763 0.7347969 0.3653058 0.3664082 0.3684765 0.3705332 0.3726057 0.3745988 0.3766744 0.3787102 0.3807066 0.382764 0.3868001 0.3887783 0.3906351 0.3924644 0.3940834 0.3953017 0.3969862 0.3978639 -9999 0.3978881 0.3957937 0.6 0.6 -9999 -9999 -9999 -9999 -9999 -9999 -9999 -9999 -9999 -9999 -9999 -9999 -9999 -9999 -9999 -9999 -9999 -9999 -9999 -9999 -9999 -9999 -9999 -9999 -9999 -9999
-9999 -9999 0.7420094 0.7433496 0.7443686 0.7456009 0.7457149 0.7455837 0.7451458 0.7443458 0.7432437 0.7418622 0.7402204 0.3691059 0.3669381 0.3665541 0.3686929 0.3707713 0.3728153 0.3748651 0.3768695 0.3789293 0.3810238 0.3831248 0.387308 0.389365 0.3913645 0.3933732 0.3953314 0.397002 -9999 -9999 -9999 0.3969899 0.3952728 0.3933606 0.6 0.6 -9999 0.6 -9999 -9999 -9999 -9999 -9999 -9999 -9999 -9999 -9999 -9999 -9999 -9999 -9999 -9999 -9999 -9999 -9999 -9999 -9999 -9999 -9999 -9999 -9999
-9999 -9999 0.7420094 0.7433496 0.7443686 0.7456009 0.7457149 0.7455837 0.7451458 0.7443458 0.7432437 0.7418622 0.7402204 0.3691059 0.3669381 0.3665541 0.3686929 0.3707713 0.3728153 0.3748651 0.3768695 0.3789293 0.3810238 0.3831248 0.387308 0.389365 0.3913645 0.3933732 0.3953314 0.397002 -9999 -9999 -9999 0.3969899 0.3952728 0.3933606 0.6 0.6 -9999 0.6 -9999 -9999 -9999 -9999 -9999 -9999 -9999 -9999 -9999 -9999 -9999 -9999 -9999 -9999 -9999 -9999 -9999 -9999 -9999 -9999 -9999 -9999 -9999
-9999 -9999 0.7458015 0.7472891 0.7482334 0.7495466 0.7497953 0.7497133 0.7493016 0.7484309 0.747175 0.3727747 0.3718362 0.3708732 0.3685767 0.3673594 0.3687392 0.3708335 0.3729144 0.3749131 0.3770344 0.3790984 0.3811996 0.3832977 0.3874838 0.3895506 0.3916217 0.3937014 -9999 -9999 -9999 0.3978698 0.3969361 0.3951521 0.3939302 0.3923513 0.6 0.6 -9999 -9999 -9999 -9999 -9999 -9999 -9999 -9999 -9999 -9999 -9999 -9999 -9999 -9999 -9999 -9999 -9999 -9999 -9999 -9999 -9999 -9999 -9999 -9999 -9999
-9999 -9999 0.7495291 0.7510167 0.7518582 0.7529675 0.7532294 0.7532837 0.7530205 0.7524414 0.375493 0.3746213 0.3737735 0.3728379 0.3701527 0.3688918 0.3686789 0.3707628 0.3728567 0.3748211 0.3769143 0.3790548 0.3811409 0.383189 0.3873267 0.389365 0.3914197 0.3933732 -9999 0.3969541 0.3977833 0.3969026 0.3951423 0.3931152 0.3922512 0.1954928 0.1947314 0.6 0.6 0.6 0.6 -9999 -9999 -9999 -9999 -9999 -9999 -9999 -9999 -9999 -9999 -9999 -9999 0.6 0.6 -9999 -9999 -9999 -9999 -9999 -9999 -9999 -9999
-9999 -9999 0.7532659 0.7547396 0.7555537 0.7569489 0.7570341 0.7568873 0.7564688 0.3779796 0.377363 0.376532 0.3756899 0.3744702 0.3718003 0.37051 0.3690534 0.3705187 0.3725296 0.3745886 0.3766664 0.3787448 0.3807809 0.3827947 0.3868001 0.3887783 0.3906351 0.392417 0.394025 0.39517 0.3956428 0.395193 0.3940088 0.1956657 0.1953137 0.1947855 0.1940871 0.1933183 0.6 0.6 0.6 0.6 -9999 -9999 -9999 -9999 0.6 0.6 0.6 0.6 0.6 0.6 0.6 0.6 0.6 0.6 0.6 0.6 0.6 0.6 0.6 -9999 0.6
-9999 -9999 0.756845 0.7585618 0.7596201 0.76184 0.7620351 0.7614855 0.3803891 0.3800585 0.3793676 0.3785279 0.3773896 0.3761328 0.3734267 0.3718979 0.3703396 0.3701157 0.3721662 0.374213 0.3762196 0.3782424 0.3802345 0.3821669 0.385968 0.3877652 0.38948 0.3910671 0.3924061 0.3932362 0.1968148 0.1966934 0.1962166 0.1947345 0.1943427 0.193906 0.1933014 0.1926158 0.1918375 0.6 0.6 0.6 0.6 0.6 0.6 0.6 0.6 0.6 0.6 0.6 0.6 0.6 0.6 0.6 0.6 0.6 0.6 0.6 0.6 0.6 0.6 0.6 0.6
-9999 -9999 0.7603369 0.762438 0.7637677 0.765893 0.7662333 0.3826956 0.3824565 0.3821342 0.3813572 0.3803207 0.3790673 0.3777266 0.3748806 0.3733398 0.371575 0.3698676 0.3716723 0.3736566 0.3755996 0.3775451 0.3794749 0.3813397 0.3848343 0.3865163 0.3880947 0.3894851 0.3905897 0.1956503 0.1957963 0.1956857 0.195336 0.1940757 0.1933811 0.1929874 0.1924749 0.1918252 0.1911203 0.1903311 0.1895145 0.6 0.6 0.6 0.6 0.6 0.6 0.6 0.6 0.6 0.6 0.6 0.6 0.6 0.6 0.6 0.6 0.6 0.6 0.6 0.6 0.6 0.5261554
-9999 -9999 0.7638922 0.7663364 0.7678386 0.7698302 0.3849537 0.3847691 0.3846602 0.3841181 0.3831787 0.382027 0.3806514 0.3792536 0.3761265 0.3744524 0.3727807 0.370985 0.3709739 0.3729007 0.3748178 -9999 -9999 0.3802149 0.3836601 0.3852275 0.3866538 0.193916 0.1943892 0.1946723 0.194765 0.1946669 0.1943698 0.19333 0.1926307 0.1920608 0.1915954 0.190976 0.1903364 0.1896373 -9999 -9999 -9999 -9999 0.6 0.6 0.6 -9999 -9999 0.5385394 0.4809303 0.3971308 0.3181133 0.1947082 0.1731996 0.1720923 0.1911262 0.2402255 0.3056177 0.3817757 0.4627419 0.5193167 0.5258258
-9999 -9999 0.7673162 0.76994 0.7718086 0.3870626 0.3872088 0.3871506 0.3868385 0.3860101 0.3849313 0.383638 0.3821591 0.3806423 0.3773839 0.3755634 0.3737812 0.3719732 0.3701491 0.3720174 0.3738924 -9999 -9999 0.3790697 0.3823316 0.1918516 0.1924666 0.1929808 0.1933706 0.1936126 0.1936943 0.1936222 0.1933656 0.1924503 0.19183 0.1911474 0.1906338 0.190092 -9999 -9999 -9999 -9999 -9999 -9999 -9999 -9999 -9999 -9999 -9999 0.6 0.4545145 0.3654765 0.2784334 0.1230769 0.08656931 0.08604312 0.1209486 0.1901925 0.2686679 0.352183 0.4379591 0.5189465 0.5252073
-9999 -9999 0.7702115 0.7731975 0.7756839 0.3893195 0.3894958 0.3893567 0.3887696 0.3878001 0.3865422 0.3851476 0.3836117 0.3819337 0.3785514 0.3766907 0.3747882 0.3728718 0.3709714 0.3710669 0.3728208 0.3744918 0.3761661 0.3778318 0.1903904 0.1910207 0.1915875 0.192037 0.1923789 0.1926004 0.1926524 0.1925676 0.1923485 0.1915367 0.1909578 0.190308 -9999 -9999 -9999 -9999 -9999 -9999 -9999 -9999 -9999 -9999 -9999 -9999 -9999 0.6 0.4445814 0.3537294 0.2635359 0.08689743 -0 -0 0.08547777 0.169962 0.2545774 0.341142 0.4289848 0.518112 0.5245131
-9999 -9999 0.7727485 0.7762325 0.7790936 0.3913894 0.3916301 0.3914046 0.3906451 0.3894851 0.3881185 0.3865972 0.3849074 0.3830893 0.3794731 0.3775765 0.3756194 0.3736668 0.371685 0.3699645 0.3716112 0.3732447 0.3748779 0.3764457 0.189574 0.1901452 0.1906612 0.1910799 0.1913912 0.1915875 0.1916449 0.1915693 0.191362 -9999 -9999 -9999 -9999 -9999 -9999 -9999 -9999 -9999 -9999 -9999 -9999 -9999 -9999 -9999 -9999 0.6 0.4432628 0.3527023 0.2628328 0.08666766 -0 -0 0.08537221 0.1696154 0.2539884 0.3403228 0.4279958 0.5169932 0.5236245
-9999 -9999 0.7727485 0.7762325 0.7790936 0.3913894 0.3916301 0.3914046 0.3906451 0.3894851 0.3881185 0.3865972 0.3849074 0.3830893 0.3794731 0.3775765 0.3756194 0.3736668 0.371685 0.3699645 0.3716112 0.3732447 0.3748779 0.3764457 0.189574 0.1901452 0.1906612 0.1910799 0.1913912 0.1915875 0.1916449 0.1915693 0.191362 -9999 -9999 -9999 -9999 -9999 -9999 -9999 -9999 -9999 -9999 -9999 -9999 -9999 -9999 -9999 -9999 0.6 0.4432628 0.3527023 0.2628328 0.08666766 -0 -0 0.08537221 0.1696154 0.2539884 0.3403228 0.4279958 0.5169932 0.5236245
-9999 -9999 0.7750124 0.7789701 0.782342 0.3933605 0.3937135 0.3933758 0.3923969 0.3910371 0.3894828 0.3877876 0.3859617 0.3840594 0.3802052 0.378236 0.3762435 0.3742388 0.3722214 0.3701292 0.3703377 0.3719513 0.373484 0.1874442 0.1887191 0.1892436 0.1897259 0.1901141 0.1903953 0.1905726 -9999 -9999 -9999 -9999 -9999 -9999 -9999 -9999 -9999 -9999 -9999 -9999 -9999 -9999 -9999 -9999 -9999 -9999 -9999 0.6 0.44187 0.3515459 0.2620062 0.08645129 -0 0.085706 0.1205422 0.1893814 0.2675352 0.3504974 0.4359654 0.5161349 0.5226989
-9999 -9999 0.7767904 0.7811166 0.3924235 0.3952076 0.395707 0.3951952 0.3939168 0.3923442 0.3906052 0.3887596 0.3868085 0.3847638 0.3807129 0.3787483 0.3766961 0.3746315 0.372529 0.3704541 0.3690114 0.3705473 0.1859568 0.1866207 0.1878257 0.1883349 0.1887818 -9999 -9999 -9999 -9999 -9999 -9999 -9999 -9999 -9999 -9999 -9999 -9999 -9999 -9999 -9999 -9999 -9999 -9999 -9999 -9999 -9999 -9999 0.6 0.4404275 0.3503774 0.2612234 0.08623475 -0 0.08547342 0.1700884 0.2393128 0.3050831 0.3802413 0.4603739 0.5158295 0.5218855
-9999 -9999 0.7781945 0.7826011 0.3932766 0.3968449 0.3977569 0.3968527 0.3951161 0.3932766 0.3913535 0.3893307 0.3873311 0.385203 -9999 0.3790295 0.3769032 0.3748062 0.3727139 0.3706838 0.3686634 0.1844946 0.1851698 0.1858149 0.1869367 -9999 -9999 -9999 -9999 -9999 -9999 -9999 -9999 -9999 -9999 -9999 -9999 -9999 -9999 -9999 -9999 -9999 -9999 -9999 -9999 -9999 -9999 -9999 -9999 -9999 0.4476144 0.3601286 0.2746954 0.121516 0.08551598 0.1203672 0.1893688 0.2664878 0.3481668 0.4245623 0.4976845 0.5149499 0.5208421
-9999 -9999 0.7789156 0.7831538 0.3936151 -9999 -9999 0.3977595 0.3957147 0.3936626 0.3915303 0.3894762 0.3873599 0.38529 -9999 0.3790697 0.3769403 0.3748888 0.3728433 0.1853887 0.1843393 0.1836801 0.1843579 0.1849822 -9999 -9999 -9999 -9999 -9999 -9999 -9999 -9999 -9999 -9999 -9999 -9999 -9999 -9999 -9999 -9999 -9999 -9999 -9999 -9999 -9999 -9999 -9999 -9999 -9999 -9999 -9999 0.3896033 0.3124178 0.1915741 0.1703914 0.1895594 0.2386793 0.3028677 0.3767571 0.4563801 0.511063 0.5138764 0.5196131
-9999 -9999 0.7785311 0.3913088 0.3932832 -9999 -9999 0.3969771 0.3952575 0.3934041 0.3913043 0.3892341 0.3872389 0.3852515 0.3810041 0.3789079 0.3768285 0.3748134 0.3728153 0.1855264 0.1845635 0.183633 0.1835222 -9999 -9999 -9999 -9999 -9999 -9999 -9999 -9999 -9999 -9999 -9999 -9999 -9999 -9999 -9999 -9999 -9999 -9999 -9999 -9999 -9999 -9999 -9999 -9999 -9999 -9999 -9999 -9999 -9999 0.366474 0.2700942 0.2547971 0.2672334 0.3033565 0.3553975 0.4202955 0.493178 0.510064 0.5127201 0.5182729
-9999 -9999 0.7789515 0.3905998 0.3923725 0.3953017 0.3957789 0.3952762 0.3940202 0.3924578 0.3906695 0.3887354 0.3868085 0.3847725 0.380728 0.3789886 0.3773105 0.3756514 0.1869276 0.1859655 0.1850109 0.1840938 -9999 -9999 -9999 -9999 -9999 -9999 -9999 -9999 -9999 -9999 -9999 -9999 -9999 -9999 -9999 -9999 -9999 -9999 -9999 -9999 -9999 -9999 -9999 -9999 -9999 -9999 -9999 -9999 -9999 -9999 0.6 0.3506137 0.3384864 0.3472264 0.3750373 0.4176015 0.4743954 0.5063304 0.5089586 0.5114009 0.516779
-9999 -9999 0.3910008 0.3923855 0.3933355 0.3937354 0.3936777 0.393306 0.3924193 0.3911406 0.3895646 0.3881514 0.3866105 0.385196 0.3819337 0.3801566 0.3784588 0.1883289 0.1873255 0.1863843 -9999 -9999 -9999 -9999 -9999 -9999 -9999 -9999 -9999 -9999 -9999 -9999 -9999 -9999 -9999 -9999 -9999 -9999 -9999 -9999 -9999 -9999 -9999 -9999 -9999 -9999 -9999 -9999 -9999 -9999 -9999 -9999 -9999 0.4325906 0.4215906 0.4276997 0.4500572 0.4854136 0.5017561 0.5048233 0.5076618 0.5101196 0.515301
-9999 -9999 0.3923272 0.3940678 0.3953074 0.3957832 0.395764 0.3952877 0.3940924 0.3924727 0.3911022 0.3894958 0.388105 0.3865163 0.383044 0.3812303 0.1897206 0.1886895 0.1876973 -9999 -9999 -9999 -9999 -9999 -9999 -9999 -9999 -9999 -9999 -9999 -9999 -9999 -9999 -9999 -9999 -9999 -9999 -9999 -9999 -9999 -9999 -9999 -9999 -9999 -9999 -9999 -9999 -9999 -9999 -9999 -9999 -9999 -9999 -9999 -9999 0.5013438 0.4997261 0.497721 0.5001562 0.5031527 0.5057923 0.5081661 0.5128217
-9999 -9999 0.3940362 0.3953224 -9999 -9999 0.3978946 0.3970175 0.3953251 0.3940653 0.3924193 0.3910607 0.3894151 0.3876575 0.1920136 0.191079 0.1900469 0.1889832 -9999 -9999 -9999 -9999 -9999 -9999 -9999 -9999 -9999 -9999 -9999 -9999 -9999 -9999 -9999 -9999 -9999 -9999 -9999 -9999 -9999 -9999 -9999 -9999 -9999 -9999 -9999 -9999 -9999 -9999 -9999 -9999 -9999 -9999 -9999 -9999 -9999 -9999 -9999 -9999 0.4983343 0.5006631 0.5026712 0.5044535 0.509026
-9999 -9999 0.3952575 0.3969516 -9999 -9999 -9999 -9999 0.3969899 0.3952461 0.3939679 0.392326 0.3905127 0.3886359 0.1923912 0.1913365 0.1902581 -9999 -9999 -9999 -9999 -9999 -9999 -9999 -9999 -9999 -9999 -9999 -9999 -9999 -9999 -9999 -9999 -9999 -9999 -9999 -9999 -9999 -9999 -9999 -9999 -9999 -9999 -9999 -9999 -9999 -9999 -9999 -9999 -9999 -9999 -9999 -9999 -9999 -9999 -9999 -9999 -9999 -9999 0.4976213 0.4995457 0.5011904 0.506718
