testsite2.asc
ncols         147
nrows         237
xllcorner     13125553.207142
yllcorner     -4169487.5151389
cellsize      102.15358899309
NODATA_value  -9999
[rows 56 to 83 of 237, columns 63 to 125 of 147]
0.789825 0.790935 0.7900137 0.7876822 0.7845508 0.7810144 0.7773131 0.7790735 0.7820483 0.7877175 0.7900306 0.7926798 0.7939127 0.7922565 0.7896953 0.7890894 0.7871976 0.7875045 0.7935209 0.7952055 -9999 -9999 -9999 -9999 -9999 0.7930505 0.7897754 0.7860102 0.7824779 0.7826439 0.782378 0.7809479 0.7784456 0.7760977 0.7726109 0.7698319 0.7672898 0.7614258 0.7621974 0.7623394 0.7620864 0.7615143 0.76038 0.7586755 0.7566234 0.7544643 0.7520537 0.7466749 0.74377 0.7407162 0.7374382 0.7339307 0.7303021 0.7269148 0.5424721 0.5396531 0.5370126 0.5355729 0.5369201 0.5381873 0.5394983 0.5406513 0.5415795
0.7856928 0.786463 0.7857616 0.7840936 0.7816579 0.7786943 0.7771283 0.7808271 0.7843776 0.7903255 0.7939955 -9999 -9999 -9999 -9999 0.7918158 0.7889539 0.789616 -9999 -9999 -9999 -9999 -9999 -9999 -9999 0.789605 0.7875574 0.7842157 0.7785009 0.778572 0.778169 0.7768708 0.7750863 0.7732248 0.7699711 0.7671951 0.7643726 0.7584057 0.7578683 0.7580774 0.7579572 0.7574015 0.7563659 0.754898 0.7531238 0.7512249 0.7488885 0.7434982 0.7407752 0.7379299 0.7347919 0.7313321 0.7277982 0.7245405 0.5407676 0.5380948 0.5354127 0.5382277 0.5397051 0.5411512 0.5424752 0.5436155 0.5445635
0.7814725 0.7820818 0.7817355 0.780384 0.7781811 0.7755278 0.7779539 0.7819216 0.7858746 0.7934637 -9999 -9999 -9999 -9999 -9999 -9999 0.7930617 0.7930787 -9999 -9999 -9999 0.7935214 0.7907079 0.7902808 0.7891507 0.7869248 0.7839649 0.7814031 0.775262 0.7745036 0.7738659 0.7726395 0.7712895 0.7698625 0.7670192 0.7641209 0.7611086 0.7553742 0.7536184 0.7539082 0.7537901 0.7532449 0.7522589 0.7509853 0.7494024 0.747594 0.7455268 0.7402651 0.7375478 0.7348758 0.7320048 0.7288089 0.7254254 0.7219981 0.538858 0.5363221 0.5371542 0.5408614 0.5424121 0.543926 0.5453393 0.5466144 0.5475426
0.7814725 0.7820818 0.7817355 0.780384 0.7781811 0.7755278 0.7779539 0.7819216 0.7858746 0.7934637 -9999 -9999 -9999 -9999 -9999 -9999 0.7930617 -9999 -9999 -9999 -9999 0.7935214 0.7907079 0.7902808 0.7891507 0.7869248 0.7839649 0.7814031 0.775262 0.7745036 0.7738659 0.7726395 0.7712895 0.7698625 0.7670192 0.7641209 0.7611086 0.7553742 0.7536184 0.7539082 0.7537901 0.7532449 0.7522589 0.7509853 0.7494024 0.747594 0.7455268 0.7402651 0.7375478 0.7348758 0.7320048 0.7288089 0.7254254 0.7219981 0.538858 0.5363221 0.5371542 0.5408614 0.5424121 0.543926 0.5453393 0.5466144 0.5475426
0.7777978 0.7781163 0.777742 0.7767013 0.7749438 0.7742341 0.7785306 0.7827431 0.7870826 0.7947919 -9999 -9999 -9999 0.7955156 -9999 -9999 -9999 -9999 -9999 -9999 0.7910591 0.789825 0.7871084 0.7864007 0.7858427 0.7841197 0.7812815 0.7781584 0.7729894 0.7705495 0.7698981 0.7687385 0.7673808 0.7657105 0.7637529 0.7614067 0.7586268 0.7525875 0.7496223 0.7498221 0.7496045 0.749068 0.748127 0.7469605 0.7454728 0.7436688 0.7417061 0.7370822 0.7343829 0.7316706 0.7289728 0.7260028 0.722869 0.7196149 0.5373045 0.5378304 0.5398318 0.5435346 0.5451645 0.5467215 0.5481393 0.5495024 0.7340448
0.7742146 0.7744805 0.773869 0.7728714 0.7715757 0.775317 0.7790378 0.7832213 0.7871949 -9999 -9999 -9999 0.7915198 0.7913725 -9999 -9999 -9999 -9999 -9999 0.789593 0.786756 0.7853445 0.7837026 0.7824764 0.7821661 0.7808655 0.7786084 0.7757106 0.7702579 0.7672081 0.7658241 0.7648742 0.7638183 0.7619594 0.7597741 0.7575775 0.755074 0.7492535 0.7466749 0.7457904 0.745669 0.7451178 0.7441999 0.7432122 0.7418635 0.7402417 0.7383512 0.7339195 0.7314946 0.7288089 0.7260681 0.7231637 0.7201792 0.7171838 0.7174799 0.5402579 0.5422882 0.5461413 0.5478069 0.5494576 0.7345306 0.7363228 0.7379785
0.7703063 0.77066 0.769995 0.7689694 0.7731161 0.7770797 0.7810345 0.7847071 0.787718 -9999 -9999 -9999 0.7914051 0.7878726 0.7901329 0.793299 0.7948806 0.7949743 0.7900277 0.7871016 0.7836976 0.7818137 0.7807202 0.7787421 0.7782964 0.7770377 0.7752554 0.7731545 0.7673007 0.764397 0.761703 0.7608624 0.7601351 0.7585678 0.7564092 0.7540267 0.7517285 0.7463794 0.7434485 0.7412827 0.7412665 0.740873 0.7401527 0.7393159 0.7380111 0.7364491 0.7346842 0.7304395 0.7281992 0.7256883 0.7230685 0.720377 0.7175369 0.7172848 0.7202536 0.7233003 0.7261572 0.7316344 0.7339404 0.7362362 0.7383831 0.7403064 0.7418975
0.57461 0.5748551 0.7659957 0.7699634 0.7740799 0.7781885 0.7823324 0.7864392 0.7898242 -9999 -9999 0.7954455 0.7913815 0.7872183 0.78784 0.7903664 0.791387 0.7913379 0.7876352 0.784164 0.7815408 0.7786806 0.7773852 0.7754941 0.7743341 0.7732306 0.7717659 0.7698996 0.7645699 0.7613899 0.7583273 0.7570184 0.7562242 0.7547476 0.7528801 0.7507777 0.7485954 0.7437091 0.7407466 0.7377252 0.7370761 0.7367306 0.7361568 0.7353429 0.7341019 0.7325362 0.7309297 0.7269592 0.7247502 0.7223718 0.7198634 0.7172791 0.7166755 0.7199484 0.723052 0.7261572 0.7291185 0.734942 0.7374382 0.7397372 0.7420213 0.7440348 0.7457729
0.571483 0.5716884 0.5747603 0.5777736 0.7744235 0.7787082 0.7830304 0.7870526 0.789946 -9999 -9999 0.7935996 0.7903188 0.7871408 0.7872121 0.787449 0.7872677 0.7869135 0.7842246 0.781732 0.7788348 0.7760086 0.7733244 0.7717725 0.7701907 0.7692765 0.7680042 0.7664238 0.7613646 0.7584184 0.7554957 0.7531956 0.7522771 0.7510468 0.7494806 0.7476994 0.7453253 0.7405146 0.7376366 0.7347656 0.7328424 0.7324806 0.7319002 0.7310946 0.7301307 0.7287147 0.7270573 0.7233237 0.7211905 0.7189289 0.7165411 0.7156543 0.7190865 0.722428 0.7256925 0.7288529 0.7319064 0.7378241 0.7405519 0.7431147 0.7455822 0.7477757 0.7496222
0.5684621 0.5715516 0.5747402 0.5778449 0.5808311 0.7786541 0.78289 0.7864707 0.7894826 -9999 -9999 0.7936172 0.7913221 0.7911344 0.7913339 0.7914348 0.790234 0.7876954 0.7820251 0.7789916 0.7761828 0.772975 0.7703025 0.7680487 0.7660779 0.7652163 0.7640443 0.762666 0.7580849 0.7555177 0.7527019 0.7495748 0.7482489 0.7472618 0.7457883 0.7440401 0.7419733 0.737237 0.734563 0.7316887 0.7288181 0.7282656 0.7277229 0.7269174 0.7259386 0.724793 0.7233087 0.7197026 0.7175848 0.7164102 0.7160956 0.7176846 0.7211962 0.7246984 0.7280248 0.7311602 0.7342754 0.7406915 0.7436531 0.7464409 0.7490747 0.7513162 0.7533346
0.5685345 0.5715696 0.5747603 0.5779189 0.5809801 0.7787082 0.7827918 0.786102 0.7892419 -9999 -9999 -9999 -9999 -9999 0.7949205 0.7950014 0.7931893 0.7899339 0.7846781 0.7811521 0.7771564 0.7732955 0.7696522 0.7661112 0.7625099 0.7612671 0.7600884 0.7586407 0.7548159 0.7523334 0.7497489 0.7468946 0.7442398 0.7431806 0.7419095 0.7402705 0.7383817 0.7339845 0.7315012 0.7287643 0.7259351 0.7241729 0.7235988 0.7228122 0.7218442 0.7208441 0.7198599 0.7205654 0.7204343 0.7204546 0.7201514 0.7195626 0.7231664 0.7266912 0.7301608 0.7335945 0.737137 0.7437671 0.7467865 0.7496711 0.7523195 0.7547368 0.7570267
0.5684781 0.5715137 0.574605 0.5776808 0.5808308 0.5839136 0.7824368 0.7855806 0.7883926 -9999 -9999 -9999 -9999 -9999 -9999 -9999 0.7946191 0.793129 0.7863777 0.7823557 0.7786328 0.7752771 0.7716892 0.7679595 0.7642174 0.7604265 0.7562367 0.7546633 0.7511568 0.7490165 0.7465605 0.7438889 0.7410665 0.7392344 0.7378885 0.7363195 0.7345989 0.7303541 0.7280618 0.725619 0.722978 0.7200805 0.719371 0.7203935 0.7216083 0.7228318 0.7239277 0.7244332 0.7243158 0.724456 0.7241839 0.7236026 0.7250525 0.7287076 0.7323197 0.7359723 0.7396653 0.7464716 0.7496531 0.7526997 0.7555299 0.7581967 0.7605855
0.5679867 0.5710624 0.5741297 0.577055 0.5800933 0.5830957 0.7809634 0.7839506 0.7864753 0.7900031 0.790189 0.7928014 -9999 -9999 -9999 -9999 -9999 0.7946665 0.7874734 0.7844626 0.7808281 0.7771289 0.7732456 0.7693737 0.7656322 0.7613674 0.757229 0.7531274 0.7474921 0.7454472 0.7432134 0.7407145 0.7380075 0.7353595 0.7340702 0.7326698 0.7309759 0.7269247 0.7247756 0.7223337 0.7197523 0.7213663 0.7228967 0.7242488 0.7253991 0.7264048 0.7273749 0.7276662 0.7280736 0.72834 0.7280262 0.7274884 0.7275971 0.7306548 0.734547 0.7382823 0.7419733 0.7490366 0.7523757 0.7555746 0.7586149 0.7614155 0.7638922
0.5679867 0.5710624 0.5741297 0.577055 0.5800933 0.5830957 0.7809634 0.7839506 0.7864753 0.7900031 0.790189 0.7928014 -9999 -9999 -9999 -9999 -9999 0.7946665 0.7874734 0.7844626 0.7808281 0.7771289 0.7732456 0.7693737 0.7656322 0.7613674 0.757229 0.7531274 0.7474921 0.7454472 0.7432134 0.7407145 0.7380075 0.7353595 0.7340702 0.7326698 0.7309759 0.7269247 0.7247756 0.7223337 0.7197523 0.7213663 0.7228967 0.7242488 0.7253991 0.7264048 0.7273749 0.7276662 0.7280736 0.72834 0.7280262 0.7274884 0.7275971 0.7306548 0.734547 0.7382823 0.7419733 0.7490366 0.7523757 0.7555746 0.7586149 0.7614155 0.7638922
0.567227 0.570259 0.5732178 0.576041 0.5788564 0.5815822 0.5840627 0.7816857 0.783934 0.7860975 0.787282 0.7900392 0.7909577 0.7911299 0.7935647 -9999 -9999 0.7947373 0.7894039 0.7856027 0.781599 0.7775917 0.7735052 0.7695261 0.7658054 0.761694 0.7577317 0.7536054 0.7453501 0.7419442 0.7398442 0.7374031 0.7347734 0.7320181 0.7300669 0.7287784 0.7272235 0.7234664 0.7213712 0.7213082 0.7232783 0.7251579 0.7269322 0.7283334 0.7294872 0.7303412 0.7309701 0.7318759 0.7324663 0.7325057 0.7322282 0.7317477 0.7318553 0.7325279 0.7363253 0.7402123 0.7440401 0.75138 0.7549058 0.7582607 0.7614561 0.7644995 0.7672805
0.5661864 0.569142 0.5719995 0.5746576 0.5771707 0.5796157 0.5819387 0.7787573 0.7810233 0.7876035 0.790504 0.7911228 0.7907416 0.7910311 0.7936025 -9999 -9999 -9999 0.7907303 0.7866828 0.7826368 0.7787478 0.7743965 0.7699955 0.7659342 0.7620613 0.7581346 0.7539587 0.745543 0.7414778 0.7373172 0.733851 0.7314374 0.728824 0.7260838 0.7247199 0.7232647 0.7199504 0.7223687 0.7246112 0.726719 0.7287306 0.7306326 0.7322469 0.7335421 0.7345204 0.7353148 0.7367798 0.7370918 0.7369708 0.7367123 0.736202 0.736252 0.7368093 0.7379785 0.7420094 0.7458733 0.753374 0.7570363 0.7605444 0.763994 0.7673422 0.770426
0.5649306 0.5676882 0.5704391 0.5730094 0.5752085 0.5774951 0.5805786 0.5834986 0.7815918 0.7885993 0.7922743 0.7941588 0.7946473 -9999 -9999 -9999 -9999 0.7951609 0.7900754 0.7864181 0.7822615 0.7784228 0.774363 0.7702951 0.76624 0.7620739 0.7580305 0.7539431 0.7454616 0.7414157 0.7371184 0.733073 0.7289342 0.7257334 0.7230685 0.7207203 0.7193264 0.7230094 0.7254006 0.7277982 0.7301443 0.7322413 0.7342179 0.7360414 0.737582 0.7388178 0.739826 0.7409952 0.7413156 0.7413186 0.7408577 0.7402471 0.7402302 0.7408087 0.7411978 0.7430829 0.7471908 0.7549778 0.7588736 0.7626187 0.7663015 0.7698433 0.7732123
0.5645566 0.5667119 0.5686692 0.5718433 0.5746803 0.5775943 0.5807465 0.5837404 0.7816061 0.789946 -9999 -9999 -9999 -9999 -9999 -9999 -9999 0.7902101 0.7873552 0.7846217 0.7809329 0.7771456 0.7733946 0.7694829 0.7656159 0.7614306 0.7572139 0.7531742 0.745002 0.7409741 0.7368793 0.7326732 0.7284865 0.7243882 0.7202166 0.716952 0.7201273 0.7258708 0.7285552 0.7312386 0.7337159 0.7359908 0.7381614 0.7399752 0.7415829 0.7429912 0.7440866 0.7453035 0.7455265 0.7454317 0.7448698 0.7441045 0.7441725 0.7448241 0.7452179 0.7454544 0.7483187 0.7561803 0.7601016 0.7640606 0.7680852 0.772033 0.7757314
0.5667059 0.569042 0.5711358 0.5731163 0.574818 0.577687 0.5806503 0.7778836 0.7814485 0.7913068 -9999 -9999 -9999 -9999 0.7997253 0.7478345 0.76 0.7893818 0.7840404 0.7814012 0.778509 0.7753256 0.7718049 0.7680172 0.7642415 0.7601616 0.7559501 0.7520376 0.7439439 0.7398875 0.7358726 0.7318442 0.7277055 0.7235717 0.7194452 0.7195343 0.7228301 0.7287753 0.7317717 0.7346019 0.7372006 0.7396585 0.7419916 0.7439022 0.7455595 0.7470497 0.7482402 0.7497506 0.7498824 0.7495474 0.7488135 0.7480007 0.748199 0.7492145 0.7496668 0.7496158 0.7495027 0.7572737 0.7612064 0.7651814 0.7693149 0.7735699 0.7774113
0.5686533 0.5710431 0.5733805 0.5755405 0.5772763 0.5786805 0.5805522 0.77756 0.7807786 0.7889749 0.7925101 -9999 -9999 -9999 -9999 0.796 0.79343 0.7872103 0.7800681 0.7776017 0.7752573 0.7727412 0.7696061 0.7660667 0.7624441 0.758611 0.7546165 0.7508186 0.7428964 0.73889 0.7349515 0.730924 0.7267933 0.722788 0.7187227 0.7221164 0.7254212 0.731621 0.7346822 0.737622 0.7404262 0.7430217 0.7454714 0.7476347 0.7494806 0.7509927 0.752253 0.7539105 0.7541319 0.7536254 0.7527225 0.7519825 0.7523164 0.7533923 0.7539406 0.7539027 0.7536254 0.7580107 0.7621351 0.7660192 0.7700118 0.7743745 0.7781945
0.5703323 0.5728635 0.5753697 0.5777881 0.5798134 0.5814998 0.5828485 0.7780546 0.7801311 0.7861381 0.7888731 0.7926887 -9999 -9999 -9999 0.76 0.7478345 0.7861139 0.7777509 0.7743275 0.7720733 0.7698644 0.7670815 0.7638377 0.7603844 0.7567992 0.7530199 0.7492343 0.7417685 0.7378036 0.7338003 0.7298216 0.7257642 0.7217584 0.7208868 0.724307 0.7276565 0.7342408 0.7374277 0.7405608 0.7435763 0.7463441 0.748948 0.7512199 0.7531524 0.7548026 0.7562068 0.7580181 0.7582446 0.7576138 0.7567334 0.7560571 0.7563862 0.7573858 0.7579271 0.7581288 0.7578833 0.7580065 0.7621657 0.7662077 0.7701077 0.77447 0.7783163
0.5703323 0.5728635 0.5753697 0.5777881 0.5798134 0.5814998 0.5828485 0.7780546 0.7801311 0.7861381 0.7888731 0.7926887 -9999 -9999 -9999 0.796 0.7785 0.7861139 0.7777509 0.7743275 0.7720733 0.7698644 0.7670815 0.7638377 0.7603844 0.7567992 0.7530199 0.7492343 0.7417685 0.7378036 0.7338003 0.7298216 0.7257642 0.7217584 0.7208868 0.724307 0.7276565 0.7342408 0.7374277 0.7405608 0.7435763 0.7463441 0.748948 0.7512199 0.7531524 0.7548026 0.7562068 0.7580181 0.7582446 0.7576138 0.7567334 0.7560571 0.7563862 0.7573858 0.7579271 0.7581288 0.7578833 0.7580065 0.7621657 0.7662077 0.7701077 0.77447 0.7783163
0.5719734 0.5745934 0.5771476 0.5796872 0.5819847 0.5839163 0.5855021 0.782329 0.7832551 0.7876235 0.7896883 0.7927787 -9999 -9999 -9999 0.7785 0.7785 0.7848464 0.7775748 0.7735266 0.7691481 0.7664254 0.763896 0.7610284 0.7579739 0.7546316 0.7510365 0.7473974 0.7401335 0.7362745 0.7322689 0.7283297 0.7244199 0.7204634 0.7228543 0.7263725 0.7299044 0.7369486 0.7403693 0.7435963 0.746592 0.7495021 0.7522212 0.7546195 0.7567884 0.7587491 0.7602747 0.7620963 0.7621602 0.761655 0.7608968 0.760117 0.7603124 0.7614088 0.7621392 0.7624183 0.7620952 0.7600915 0.7617651 0.7658874 0.7697937 0.7739653 0.7780399
0.5732132 0.5760901 0.5787858 0.581279 0.58356 0.5857098 0.7835862 0.7857084 0.7865996 0.7898113 0.7925456 -9999 -9999 -9999 0.7785 0.7785 0.785822 0.7828903 0.7765713 0.7725623 0.7683409 0.7646374 0.7608169 0.7580324 0.7551931 0.7522159 0.7487938 0.7453722 0.7380641 0.7343569 0.7304673 0.7264965 0.722648 0.7210667 0.7248214 0.7285778 0.732264 0.7396436 0.7431359 0.7464198 0.7494929 0.7524587 0.7554018 0.7581396 0.7605419 0.7626795 0.7642367 0.7660844 0.7661734 0.7658935 0.7651814 0.7640443 0.7641945 0.765528 0.7663206 0.7666568 0.7662904 0.7641259 0.7624647 0.7652831 0.7691003 0.7729478 0.7770142
0.5732132 0.5760901 0.5787858 0.581279 0.58356 0.5857098 0.7835862 0.7857084 0.7865996 0.7898113 0.7925456 -9999 -9999 -9999 0.76 0.796 0.785822 0.7828903 0.7765713 0.7725623 0.7683409 0.7646374 0.7608169 0.7580324 0.7551931 0.7522159 0.7487938 0.7453722 0.7380641 0.7343569 0.7304673 0.7264965 0.722648 0.7210667 0.7248214 0.7285778 0.732264 0.7396436 0.7431359 0.7464198 0.7494929 0.7524587 0.7554018 0.7581396 0.7605419 0.7626795 0.7642367 0.7660844 0.7661734 0.7658935 0.7651814 0.7640443 0.7641945 0.765528 0.7663206 0.7666568 0.7662904 0.7641259 0.7624647 0.7652831 0.7691003 0.7729478 0.7770142
0.5740572 0.5771844 0.5800252 0.5824921 0.5849103 0.5872455 0.7862753 0.7890897 0.7901967 0.79222 -9999 -9999 -9999 0.76 0.7478345 0.79343 0.7826946 0.7805388 0.7748341 0.7711003 0.7670646 0.7634107 0.7598667 0.7560446 0.752315 0.749294 0.7461014 0.7427214 0.7356347 0.7321387 0.7283869 0.7245505 0.7207767 0.7226313 0.7267244 0.7306294 0.7344817 0.7419244 0.7454056 0.7489105 0.7523541 0.755682 0.7586697 0.7615618 0.764089 0.7663575 0.7680863 0.7700386 0.7702081 0.7701907 0.7694146 0.767824 0.7679248 0.7695318 0.7704134 0.7706709 0.7702924 0.7681483 0.76635 0.7663386 0.7703854 0.7743341 0.7783409
0.5746576 0.5777823 0.5805467 0.5830443 0.5860221 0.7851172 0.7891012 0.7924554 0.7943509 -9999 -9999 -9999 -9999 0.78585 0.76 0.78351 0.7811573 0.7775761 0.7723575 0.7689156 0.7651793 0.7615381 0.7581014 0.7545621 0.7506769 0.7465886 0.743118 0.739895 0.7334028 0.7300369 0.7265521 0.7229681 0.7205393 0.7245405 0.728547 0.7324215 0.7363756 0.7439249 0.7475494 0.7513289 0.7549602 0.7582961 0.7615618 0.7645114 0.7673302 0.7698307 0.7717413 0.773559 0.7740188 0.7741201 0.7733694 0.7716892 0.7715673 0.7732456 0.7742463 0.7746131 0.7743526 0.7719713 0.76994 0.7674515 0.770806 0.7749206 0.7790637
0.5749926 0.5780816 0.5807052 0.5832755 0.5866872 0.7863472 0.7909176 -9999 -9999 -9999 -9999 -9999 0.76 0.78585 0.79343 0.7816081 0.7783345 0.7753288 0.7701524 0.766866 0.7633308 0.7594948 0.7559265 0.75258 0.749051 0.74511 0.7410716 0.7372547 0.7311274 0.727819 0.7244786 0.7210687 0.7220079 0.7259305 0.7298884 0.7339203 0.7379972 0.7457253 0.7496063 0.753258 0.757 0.7606087 0.7640828 0.7673987 0.770549 0.7730417 0.7749236 0.7774957 0.7783318 0.7780541 0.776866 0.7751948 0.7752318 0.7770951 0.7784413 0.7788572 0.7785437 0.775624 0.7732595 0.7704935 0.772033 0.7750278 0.7791421
